-1.540177581930333176e-35
-3.072725839405975830e-11
-6.145450179806471982e-11
-3.687256158567858054e-10
-6.759952273033350497e-10
-1.621008932678859734e-09
-2.566008575677005015e-09
-3.510993823154456729e-09
-6.118984131517819650e-09
-8.726863861295210593e-09
-1.133463298019403280e-08
-2.981245818203918882e-08
-4.828473999115090296e-08
-6.675148800096071736e-08
-1.119782502512386465e-07
-1.571719908225715254e-07
-2.023328569599499530e-07
-2.474609948006997946e-07
-4.111946757970880559e-07
-5.745048813104501617e-07
-7.373984162299307961e-07
-8.998819914044132912e-07
-1.489501621582792067e-06
-2.074060310351206533e-06
-2.653855751851112484e-06
-3.229171951161086118e-06
-3.800279970275050905e-06
-4.418259831367864915e-06
-5.031867076768065389e-06
-5.641405634531302899e-06
-6.247164877150269204e-06
-6.849420432202032198e-06
-7.448434959937394412e-06
-8.369320000270338383e-06
-9.283917921922578396e-06
-1.019304155912449452e-05
-1.109744804451637166e-05
-1.199784329569261181e-05
-1.289488610349874155e-05
-1.371180001005114172e-05
-1.452687074038950465e-05
-1.534051207219921419e-05
-1.615311371941635299e-05
-1.696504299143059002e-05
-1.777664632148866938e-05
-1.862846293604025253e-05
-1.948063701506905394e-05
-2.033350454382345184e-05
-2.118738238172025682e-05
-2.204256955304061488e-05
-2.289934843735339455e-05
-2.383387395866144588e-05
-2.477092474353791076e-05
-2.571080625024390820e-05
-2.665380629930882118e-05
-2.760019627712791932e-05
-2.855023224489044287e-05
-2.957603123819372602e-05
-3.060660758194094734e-05
-3.164222800125176898e-05
-3.268314378898694810e-05
-3.372959185839780359e-05
-3.478179571398598493e-05
-3.591564518465922211e-05
-3.705658702118639264e-05
-3.820485151019318914e-05
-3.936065563292898584e-05
-4.052420397004721922e-05
-4.169568953633690964e-05
-4.296130484716869860e-05
-4.423647396742063742e-05
-4.552139653403982961e-05
-4.681626064960677040e-05
-4.812124366484962502e-05
-4.943651290017748122e-05
-5.085969820811088395e-05
-5.229509689498925833e-05
-5.374288227524124962e-05
-5.520321764299413516e-05
-5.667625694995262513e-05
-5.816214543010802282e-05
-5.977108043918867667e-05
-6.139512891314412052e-05
-6.303444120313783303e-05
-6.468915896076913891e-05
-6.635941572361637216e-05
-6.804533745521752709e-05
-6.971904480273411495e-05
-7.140813018302162119e-05
-7.311269475506483974e-05
-7.483283427118687394e-05
-7.656863941611275252e-05
-7.832019612553194814e-05
-8.020166781238263656e-05
-8.210116510768382392e-05
-8.401877601000733208e-05
-8.595458382271067279e-05
-8.790866744683450854e-05
-8.988110165020266171e-05
-9.245148792027631159e-05
-9.505264182038021948e-05
-9.768469709130843241e-05
-1.003477789741388484e-04
-1.030420048234616649e-04
-1.057674846236220811e-04
-1.087488183727992381e-04
-1.117669120956401994e-04
-1.148218797921090424e-04
-1.179138281860390156e-04
-1.210428572147017527e-04
-1.242090604766054565e-04
-1.273261332707311278e-04
-1.304785723555758369e-04
-1.336664491956937476e-04
-1.368898310395830794e-04
-1.401487812001947703e-04
-1.434433593351964607e-04
-1.473591991451255845e-04
-1.513243685434808249e-04
-1.553389474715330973e-04
-1.594030107691012869e-04
-1.635166285262477557e-04
-1.676798663596637832e-04
-1.718580833163431030e-04
-1.760852276462450947e-04
-1.803613521464860468e-04
-1.846865064182635387e-04
-1.890607370618698803e-04
-1.934840878764320759e-04
-1.982477405100335831e-04
-2.030671701581748486e-04
-2.079424206169221470e-04
-2.128735330090553287e-04
-2.178605459495335244e-04
-2.229034956910204196e-04
-2.284090424283807970e-04
-2.339798262813496202e-04
-2.396158847692702069e-04
-2.453172530585536544e-04
-2.510839640915156945e-04
-2.569160486948310904e-04
-2.632513683193299413e-04
-2.696621333859584684e-04
-2.761483750136087484e-04
-2.827101222863768071e-04
-2.893474023504278431e-04
-2.960602404990921119e-04
-3.033418212829439367e-04
-3.107103212489615803e-04
-3.181657654592266304e-04
-3.257081772272751386e-04
-3.333375781908948579e-04
-3.410539883755168088e-04
-3.494287111599343699e-04
-3.579036102837021192e-04
-3.664787051502430438e-04
-3.751540136641927088e-04
-3.839295522778484837e-04
-3.928053360318141136e-04
-4.016335073966229626e-04
-4.105586912331056341e-04
-4.195808984733701030e-04
-4.287001390621400163e-04
-4.379164220064082251e-04
-4.472297554462848434e-04
-4.572474409482235537e-04
-4.673750507004260793e-04
-4.776125916686151237e-04
-4.879600700002622703e-04
-4.984174910621333617e-04
-5.089848594585204972e-04
-5.227709156405962055e-04
-5.367397301209647165e-04
-5.508913075158340536e-04
-5.652256513426814335e-04
-5.797427639700670652e-04
-5.944426463078611098e-04
-6.105358910042527412e-04
-6.268426332352969484e-04
-6.433628691840374315e-04
-6.600965941228234112e-04
-6.770438021638580184e-04
-6.942044860273919671e-04
-7.111077414825350872e-04
-7.282131080647407653e-04
-7.455205764202319169e-04
-7.630301363537732610e-04
-7.807417768460559598e-04
-7.986554861923293464e-04
-8.199548000748396216e-04
-8.415328618495777945e-04
-8.633896491438045702e-04
-8.855251390858791694e-04
-9.079393081974581909e-04
-9.306321320371259464e-04
-9.534111238699626099e-04
-9.764640977823188300e-04
-9.997910277097193758e-04
-1.023391887052649014e-03
-1.047266648579281466e-03
-1.071415284447076828e-03
-1.097423923527858719e-03
-1.123742874729091734e-03
-1.150372102672059856e-03
-1.177311571621583296e-03
-1.204561245419402725e-03
-1.232121087383062242e-03
-1.262209289220527983e-03
-1.292658588922873490e-03
-1.323468938593204631e-03
-1.354640290156689094e-03
-1.386172595195032768e-03
-1.418065804736393229e-03
-1.452708905401210423e-03
-1.487767892494315730e-03
-1.523242703733161977e-03
-1.559133276744664384e-03
-1.595439548836891010e-03
-1.632161456765011042e-03
-1.671990036640410475e-03
-1.712296133599040121e-03
-1.753079668162790773e-03
-1.794340560827274332e-03
-1.836078731804744292e-03
-1.878294100766309330e-03
-1.924103680834891861e-03
-1.970462046738204968e-03
-2.017369097857899928e-03
-2.064824733628717931e-03
-2.112828853224966996e-03
-2.161381355259184463e-03
-2.209663812079669300e-03
-2.258476427277649173e-03
-2.307819103614898795e-03
-2.357691743550780709e-03
-2.408094249189064728e-03
-2.459026522363961988e-03
-2.513798946584554477e-03
-2.569170863829034739e-03
-2.625142154945356038e-03
-2.681712700712316887e-03
-2.738882381763630032e-03
-2.796651078426807407e-03
-2.871997142281337151e-03
-2.948337988183960968e-03
-3.025673355793203484e-03
-3.104002986707511073e-03
-3.183326623583008358e-03
-3.263644007891463097e-03
-3.351546769656601425e-03
-3.440609158767531962e-03
-3.530830844733443344e-03
-3.622211498766742931e-03
-3.714750791909730235e-03
-3.808448393303043647e-03
-3.900708108059645560e-03
-3.994063344781690131e-03
-4.088513797699609709e-03
-4.184059160173302094e-03
-4.280699124518508140e-03
-4.378433382511801031e-03
-4.494598600825766566e-03
-4.612271880024480623e-03
-4.731452716870507107e-03
-4.852140609781699539e-03
-4.974335057889463924e-03
-5.098035558781820187e-03
-5.222157396464902415e-03
-5.347758481481348046e-03
-5.474838321238405768e-03
-5.603396422753590886e-03
-5.733432291926648765e-03
-5.864945433470406151e-03
-6.006531757739927077e-03
-6.149790151268179871e-03
-6.294720013972426691e-03
-6.441320745722916956e-03
-6.589591745815240841e-03
-6.739532412269631963e-03
-6.903162453918934571e-03
-7.068734265832264316e-03
-7.236247087421883439e-03
-7.405700158502987081e-03
-7.577092718251904682e-03
-7.750424003936909507e-03
-7.938619611013978186e-03
-8.129046816171972903e-03
-8.321704670430821182e-03
-8.516592225100113808e-03
-8.713708530421972534e-03
-8.913052634194666701e-03
-9.129165676260207404e-03
-9.347835252420496482e-03
-9.569060183356827010e-03
-9.792839289746510870e-03
-1.001917139077256394e-02
-1.024805530263979587e-02
-1.049631475342853448e-02
-1.074750535677677747e-02
-1.100162564417379342e-02
-1.125867414681048020e-02
-1.151864939380556861e-02
-1.178154991050587609e-02
-1.204287207463264169e-02
-1.230701894829160092e-02
-1.257398912316628863e-02
-1.284378118832185320e-02
-1.311639372987075634e-02
-1.339182533138701982e-02
-1.368790171687910354e-02
-1.398716458730848641e-02
-1.428961222850731912e-02
-1.459524292429895467e-02
-1.490405495604843131e-02
-1.521604660175978480e-02
-1.562280041071216485e-02
-1.603482826927153312e-02
-1.645212645694488218e-02
-1.687469125838796449e-02
-1.730251895858826369e-02
-1.773560583079760583e-02
-1.820938609574298400e-02
-1.868929524392124245e-02
-1.917532853143832233e-02
-1.966748121568714924e-02
-2.016574854528284041e-02
-2.067012575077021436e-02
-2.116657894828012643e-02
-2.166880376386305998e-02
-2.217679577964766502e-02
-2.269055056637631074e-02
-2.321006368215928345e-02
-2.373533067466482988e-02
-2.435947741576690792e-02
-2.499154487306115557e-02
-2.563152577554480074e-02
-2.627941284692447352e-02
-2.693519880040224149e-02
-2.759887632653134498e-02
-2.826473368665051791e-02
-2.893833550992622877e-02
-2.961967461234371948e-02
-3.030874379385035955e-02
-3.100553583443296096e-02
-3.171004349372738562e-02
-3.246853468760151767e-02
-3.323575356820683557e-02
-3.401169133064186473e-02
-3.479633915176466585e-02
-3.558968818734240674e-02
-3.639172956826865202e-02
-3.726720629984798389e-02
-3.815278912486001761e-02
-3.904846679278214244e-02
-3.995422803087646940e-02
-4.087006153856526103e-02
-4.179595598057066208e-02
-4.280180271634741879e-02
-4.381923282409588838e-02
-4.484823212524274849e-02
-4.588878641049736612e-02
-4.694088143248565520e-02
-4.800450289824866046e-02
-4.915868917212993378e-02
-5.032611456522011195e-02
-5.150676125176682774e-02
-5.270061136356804510e-02
-5.390764698180273984e-02
-5.512785012884503788e-02
-5.645329420920096319e-02
-5.779389032765584050e-02
-5.914961598446406843e-02
-6.052044862239574358e-02
-6.190636561686903294e-02
-6.330734426641634882e-02
-6.470295407564823076e-02
-6.611315275367611599e-02
-6.753791836365502510e-02
-6.897722890211727131e-02
-7.043106229693228693e-02
-7.189939640943480981e-02
-7.348227268509734122e-02
-7.508160962356873191e-02
-7.669738007267432045e-02
-7.832955680225919814e-02
-7.997811250147204842e-02
-8.164301977345450601e-02
-8.382169432541637655e-02
-8.602764412084884516e-02
-8.826080909501757277e-02
-9.052112903010781086e-02
-9.280854352725732836e-02
-9.512299193536187525e-02
-9.767029553894113203e-02
-1.002494133582093327e-01
-1.028602664074925038e-01
-1.055027754585906863e-01
-1.081768609799440145e-01
-1.108824430792012955e-01
-1.135687926847204210e-01
-1.162853368676587951e-01
-1.190319991855200432e-01
-1.218087028994040560e-01
-1.246153709615677035e-01
-1.274519260277859889e-01
-1.305466974037482741e-01
-1.336760916005726163e-01
-1.368400102540970886e-01
-1.400383546373847599e-01
-1.432710256509106272e-01
-1.465379238012133878e-01
-1.501626110333497965e-01
-1.538282718377708413e-01
-1.575347730502593135e-01
-1.612819810145996458e-01
-1.650697615481643843e-01
-1.688979798963528012e-01
-1.731269016582191733e-01
-1.774037613445758887e-01
-1.817283808991068672e-01
-1.861005815764750493e-01
-1.905201838907789880e-01
-1.949870075607128828e-01
-1.999378479518995333e-01
-2.049449808844527599e-01
-2.100081656636876015e-01
-2.151271606208664533e-01
-2.203017230473373333e-01
-2.255316091240972542e-01
-2.313659067840054817e-01
-2.372669256120422676e-01
-2.432343335601424850e-01
-2.492677971836086970e-01
-2.553669815518516684e-01
-2.615315501482546323e-01
-2.684545008677228783e-01
-2.754572242024780904e-01
-2.825392524438318786e-01
-2.897001158688967126e-01
-2.969393425785663565e-01
-3.042564583399887668e-01
-3.125329399419077281e-01
-3.209056110026106134e-01
-3.293737978691680390e-01
-3.379368238626661025e-01
-3.465940090666332352e-01
-3.553446700995409047e-01
-3.644825352417634945e-01
-3.737186751784150052e-01
-3.830523254021349078e-01
-3.924827179158661417e-01
-4.020090811120685115e-01
-4.116306397351919277e-01
-4.225419285289924165e-01
-4.335710467020275627e-01
-4.447168823238515922e-01
-4.559783184388451205e-01
-4.673542329136309292e-01
-4.788434982028446640e-01
-4.920828995108878501e-01
-5.054665551877517427e-01
-5.189927679200433408e-01
-5.326598327642003694e-01
-5.464660367735334479e-01
-5.604096584880685628e-01
-5.779939402964157091e-01
-5.957859971933457954e-01
-6.137824331962111746e-01
-6.319798371255626046e-01
-6.503747813979118275e-01
-6.689638196897103040e-01
-6.930929132063392561e-01
-7.175284381528492794e-01
-7.422629840112323629e-01
-7.672891105921916255e-01
-7.925993429176297900e-01
-8.181861611867100592e-01
-8.462247855409429365e-01
-8.745698045311879332e-01
-9.032114861767607250e-01
-9.321400614113306560e-01
-9.613457169383220480e-01
-9.908185906733550929e-01
-1.026046264166676769e+00
-1.043790207498493938e+00
-1.061618140176690650e+00
-1.079527992637274059e+00
-1.097517683962624391e+00
-1.115585128152737582e+00
-1.133728239579137709e+00
-1.175449853707112746e+00
-1.217530536373849781e+00
-1.259945219162313057e+00
-1.302668704202029959e+00
-1.345675754350416531e+00
-1.367277745861547489e+00
-1.388941192735756225e+00
-1.410662938190578641e+00
-1.432439812396532730e+00
-1.454268645328115950e+00
-1.476146273044389279e+00
-1.490133400576122646e+00
-1.504138292531844501e+00
-1.518160124799378785e+00
-1.532198073655764770e+00
-1.546251315609567634e+00
-1.604086237178620422e+00
-1.618576420911780112e+00
-1.633077395142898292e+00
-1.647588266924652212e+00
-1.662108149178851191e+00
-1.676636155371370229e+00
-1.723273025884957566e+00
-1.734940367288670959e+00
-1.746610069831920908e+00
-1.758281684408107060e+00
-1.769954752913157847e+00
-1.780308361590042798e+00
-1.790662434346919962e+00
-1.801016653714193172e+00
-1.811370702320337367e+00
-1.824059425592892580e+00
-1.836746830746658121e+00
-1.849432333985248977e+00
-1.862115352210757635e+00
-1.931938304177114762e+00
-1.940654804387808241e+00
-1.949368141366942586e+00
-1.958078124260042019e+00
-1.966784564699305182e+00
-1.975487274601429144e+00
-1.988974060549312251e+00
-2.002450718153778286e+00
-2.015916544869853944e+00
-2.029370839773665391e+00
-2.096924576146010466e+00
-2.113754157864490058e+00
-2.130557407781741297e+00
-2.147332938299855165e+00
-2.164079374784186438e+00
-2.180795346132198720e+00
-2.236812746110785621e+00
-2.243786908504121769e+00
-2.250754518765263779e+00
-2.257715479934300884e+00
-2.264669691091811377e+00
-2.280913580234545712e+00
-2.297118668099062955e+00
-2.313283669817564281e+00
-2.329407305225480229e+00
-2.380564332921142778e+00
-2.393280831253072005e+00
-2.405966970679802142e+00
-2.418622119471113496e+00
-2.431245637639174006e+00
-2.443642730221713855e+00
-2.456007935259085340e+00
-2.468340649245015062e+00
-2.480640270245646484e+00
-2.495216623552306778e+00
-2.509744362776732629e+00
-2.524222485012244999e+00
-2.538649991070260459e+00
-2.631965745002430968e+00
-2.643460300918830441e+00
-2.654915291504049257e+00
-2.666330178833673514e+00
-2.677704434481914753e+00
-2.689037532310082135e+00
-2.703371685219766452e+00
-2.717637514416745947e+00
-2.731833948072811324e+00
-2.745959920365371509e+00
-2.765017628266130512e+00
-2.783940950307075113e+00
-2.802727266377262438e+00
-2.821373972343271141e+00
-2.839878481079002537e+00
-2.921260791041083937e+00
-2.931216361598611098e+00
-2.941122179534740422e+00
-2.950977805068474069e+00
-2.960782803923778683e+00
-2.970536744183731148e+00
-2.983937090461634689e+00
-2.997237883124752589e+00
-3.010437995394640076e+00
-3.023536308820983454e+00
-3.041002888250212255e+00
-3.058280362682152642e+00
-3.075366070312546718e+00
-3.092257373162443201e+00
-3.108951657995672413e+00
-3.184856853485905415e+00
-3.194020544445257848e+00
-3.203110444560989922e+00
-3.212126055582189554e+00
-3.221066886509757143e+00
-3.229932450142847244e+00
-3.241571017983092329e+00
-3.253075274686981988e+00
-3.264444107609327794e+00
-3.275676415647970963e+00
-3.284030069601260315e+00
-3.292305487927067453e+00
-3.300502215103327419e+00
-3.308619798747194363e+00
-3.316657789610761853e+00
-3.375229029734792441e+00
-3.428967027611259599e+00
-3.435335436025728661e+00
-3.441625183066200577e+00
-3.447835933135817488e+00
-3.453967357728843002e+00
-3.460019132435670386e+00
-3.476482092514264544e+00
-3.492315472133514564e+00
-3.507512561448521637e+00
-3.522066862610610638e+00
-3.555200865885988826e+00
-3.562855914467251583e+00
-3.570256860840872903e+00
-3.577402396692479503e+00
-3.584291252018106722e+00
-3.590922185784296339e+00
-3.596498713664653568e+00
-3.601876986771970213e+00
-3.607056230361481930e+00
-3.612035687424062225e+00
-3.617860403477175968e+00
-3.623383071602392036e+00
-3.628602409519049221e+00
-3.633517172881214119e+00
-3.638126155541783202e+00
-3.658502034918158063e+00
-3.660338276271093871e+00
-3.662015413364990923e+00
-3.663533125400226798e+00
-3.664891105401545168e+00
-3.666089057368262960e+00
-3.668214066962032671e+00
-3.669508783385985851e+00
-3.669970298876945147e+00
-3.669596004933308731e+00
-3.664545190146865306e+00
-3.662358716829530181e+00
-3.659801843647107145e+00
-3.656874221524177848e+00
-3.653575566768715532e+00
-3.649905649479863623e+00
-3.636355641808882044e+00
-3.619319782375156169e+00
-3.598800315983221143e+00
-3.574804716280556960e+00
-3.565648869222024508e+00
-3.556074823196045731e+00
-3.546083376836934420e+00
-3.535675361071901612e+00
-3.524851619477672671e+00
-3.476742920387376312e+00
-3.457828487939545781e+00
-3.438049475219113749e+00
-3.417410235272055896e+00
-3.395915261028267462e+00
-3.347332786571007635e+00
-3.294945064761797937e+00
-3.238808502562662284e+00
-3.178985916549843527e+00
-3.153100073810152004e+00
-3.126596623596008762e+00
-3.099481028776220004e+00
-3.071758872452791334e+00
-3.043435823573150234e+00
-2.967947286853571232e+00
-2.888633801847104277e+00
-2.805605491270003693e+00
-2.718979763331349719e+00
-2.653530883696241460e+00
-2.586280632158838522e+00
-2.517281308367369075e+00
-2.446586748735992689e+00
-2.374252254318358624e+00
-2.226661398595885188e+00
-2.150688606786334223e+00
-2.073342751478883805e+00
-1.994684355043347956e+00
-1.914775181620647082e+00
-1.833678201448099010e+00
-1.656864562831155130e+00
-1.566737092405623200e+00
-1.475571323581227112e+00
-1.383450363150436679e+00
-1.290458483318700056e+00
-1.196680990881602069e+00
-1.051783699027854846e+00
-9.055604591370277623e-01
-7.583283654463525147e-01
-6.104076715999123826e-01
-5.362899046167727279e-01
-4.621211301803400673e-01
-3.879419424880072298e-01
-3.137930210737961412e-01
-2.397150800652786407e-01
-1.186245587616737707e-01
-1.035182174505131919e-01
-8.841970395954967810e-02
-7.332936800389940057e-02
-5.824755841653177918e-02
-3.529876745404202099e-02
-2.956492953121115166e-02
-2.383247402209491203e-02
-1.810142016156044559e-02
-1.237178717618600196e-02
2.563896770013672152e-02
6.358059370938540233e-02
1.014474713756246121e-01
1.392339886374980851e-01
2.289682945895863686e-01
3.181382359242542757e-01
4.066684584671773073e-01
4.944840451425527861e-01
5.815105789124339619e-01
7.420827342975923058e-01
8.991513874483786362e-01
9.762247937948229648e-01
1.052247070346775670e+00
1.127161203888411567e+00
1.200910933750566123e+00
1.273440795114223922e+00
1.344696161227874942e+00
1.543406378754392350e+00
1.638187624256190134e+00
1.729716861873316303e+00
1.817847962275137785e+00
1.902439841248569241e+00
1.983356687184579137e+00
2.060468178585009635e+00
2.214035692904151365e+00
2.347954873844914303e+00
2.407217509918676779e+00
2.461191529639750186e+00
2.509770694053578666e+00
2.552858465300756219e+00
2.590368165314255844e+00
2.622223108566065886e+00
2.667311851491115604e+00
2.690936870986376572e+00
2.692876627192247518e+00
2.673054283101470308e+00
2.631538306648359971e+00
2.568542195493225933e+00
2.487120677017960801e+00
2.386223652236085346e+00
2.266430635760233070e+00
2.128441264628166962e+00
1.973071025543865042e+00
1.801246281997712417e+00
1.624266283625222407e+00
1.434408570664862381e+00
1.232705623560054420e+00
1.020258338218502425e+00
7.982298676537430415e-01
5.678390916308008185e-01
3.409502460345799624e-01
1.718935887860682521e-01
8.643980834850684136e-02
3.311457928930611888e-02
-2.040509258538319645e-02
-7.410531154436109103e-02
-1.279721304224173684e-01
-1.819915542352102122e-01
-2.361495436887133259e-01
-4.115464059073367653e-01
-5.877628584010450297e-01
-7.643219658779311088e-01
-9.407454442216095503e-01
-1.116554981405715186e+00
-1.291273552227699906e+00
-1.601112693803826037e+00
-1.903175030582870741e+00
-2.194805444395795835e+00
-2.473437766324932507e+00
-2.736617736275723800e+00
-2.982024930742959157e+00
-3.188098684845121600e+00
-3.376146648208651513e+00
-3.544791486235505218e+00
-3.692796850893998339e+00
-3.819076618662772038e+00
-3.922703012905103481e+00
-4.002258152103791211e+00
-4.058268361379837152e+00
-4.090327138454392220e+00
-4.098199934829840352e+00
-4.081825976214294549e+00
-4.041318822150353540e+00
-3.978024169744450500e+00
-3.891981788268675135e+00
-3.783789825475775359e+00
-3.654201661381255573e+00
-3.504120712766666035e+00
-3.334594174138922451e+00
-3.150523258282244665e+00
-2.950112875764260068e+00
-2.734711332952872720e+00
-2.505768420389873352e+00
-2.264825668667229674e+00
-2.013505974092437256e+00
-1.758243722014945165e+00
-1.496266265319404321e+00
-1.229276855793615786e+00
-9.590117904850005148e-01
-6.872291148383918857e-01
-4.156971773558618133e-01
-1.308579225658428602e-01
1.496537089650561703e-01
4.237963584202172340e-01
6.895745217940381089e-01
9.450530909273417990e-01
1.188371456667991710e+00
1.428747797123523178e+00
1.651845398743613691e+00
1.855872642507641279e+00
2.039190395973987879e+00
2.200325194682059227e+00
2.337981105085473299e+00
2.449104422341620957e+00
2.535720122060181048e+00
2.597155871998831689e+00
2.632933373067004368e+00
2.642772088057308455e+00
2.626591436386226608e+00
2.585768782293633716e+00
2.520520248644058547e+00
2.431321695490235246e+00
2.318825326115373731e+00
2.183854906327320933e+00
2.027399708875287754e+00
1.857184613489125447e+00
1.669205237920987406e+00
1.464745749491904281e+00
1.245203314468778855e+00
1.012078526459804007e+00
7.669651136594326513e-01
5.370298455033373219e-01
2.999857872459840702e-01
1.424683825646313462e-01
-1.713235506609789641e-02
-1.784400482498277873e-01
-3.410742737275364589e-01
-5.046514668553268024e-01
-6.687858352697644282e-01
-9.644632950978304642e-01
-1.258432329510975611e+00
-1.548446568549320057e+00
-1.832289956044710122e+00
-2.107793756746373148e+00
-2.372853180912446458e+00
-2.662165794178848799e+00
-2.932065659614881081e+00
-3.179827455577160844e+00
-3.402950344026144158e+00
-3.599183310900424981e+00
-3.766547995241027458e+00
-3.897100570221295079e+00
-3.998972786888523423e+00
-4.071244715962952121e+00
-4.113266596211834880e+00
-4.124664773283932107e+00
-4.105345088981631640e+00
-4.057626277266070502e+00
-3.981776399923777188e+00
-3.878451591296044665e+00
-3.748542448927022264e+00
-3.593166428877806240e+00
-3.413658284600531889e+00
-3.215899101745326227e+00
-2.998088444848282741e+00
-2.762018120774207386e+00
-2.509629415720524559e+00
-2.242997186196076242e+00
-1.964312847448008492e+00
-1.681225429695736073e+00
-1.390971580220429660e+00
-1.095849174902709278e+00
-7.981944038043621292e-01
-5.003633240015336048e-01
-2.047132528982216482e-01
4.186096036006470289e-02
2.838059599878818284e-01
5.197522019967366624e-01
7.483640685149974825e-01
9.683474128812225024e-01
1.178456869886198799e+00
1.409418765645374938e+00
1.623560388837171020e+00
1.819232890114920842e+00
1.994929272950318078e+00
2.149295937148178126e+00
2.281143060193488115e+00
2.389326392572707292e+00
2.473202397754000970e+00
2.532124110514259563e+00
2.565635573109768419e+00
2.573475298748734819e+00
2.555578243814922601e+00
2.513349938322772203e+00
2.446972829147615602e+00
2.356927066735345910e+00
2.243865640765101421e+00
2.108609572652282438e+00
1.952141869634548499e+00
1.782373935557345135e+00
1.595114704897066638e+00
1.391629107703001855e+00
1.173291859196692544e+00
9.415780967399584034e-01
6.980533254681665634e-01
4.715479389426222578e-01
2.381315998402674938e-01
1.587254835714101142e-01
7.873500022454740788e-02
2.307698668986927354e-02
-3.282146208491827644e-02
-8.894415820963734454e-02
-1.452748502914595341e-01
-2.017972277525471869e-01
-2.584949250472661220e-01
-4.470173792860571704e-01
-6.366803066745347905e-01
-8.268835912042622471e-01
-1.017025542228603641e+00
-1.206504815511926010e+00
-1.394722316698003839e+00
-1.732861587252982671e+00
-2.061273541758824379e+00
-2.376509875687377704e+00
-2.675263429033495566e+00
-2.954403171563849906e+00
-3.211007279370786449e+00
-3.434545780790071223e+00
-3.632477795219707595e+00
-3.802889379036761497e+00
-3.944138585204082226e+00
-4.054871547109452301e+00
-4.134035705254291315e+00
-4.179287215443621584e+00
-4.195076449336531788e+00
-4.181297207428408491e+00
-4.138105821496023573e+00
-4.065919680499384903e+00
-3.965413406294622689e+00
-3.841074795604073611e+00
-3.691787942481423279e+00
-3.518842328502133299e+00
-3.323726537476895171e+00
-3.108115627613877052e+00
-2.873856922151217574e+00
-2.626581019881653933e+00
-2.365178625047366978e+00
-2.091818628999606577e+00
-1.808767209698414868e+00
-1.518369213307640075e+00
-1.223028893780733650e+00
-9.273004888111211486e-01
-6.315205210881987830e-01
-3.381001934309198487e-01
-4.943079776399152830e-02
2.321356043270107750e-01
5.043051754157038546e-01
7.546437173775827345e-01
9.924034440916322808e-01
1.215799836322146943e+00
1.423155886588418184e+00
1.612914538765227057e+00
1.783650223223887554e+00
1.934035785041229749e+00
2.062996518743872798e+00
2.169561116121355049e+00
2.252925086509994124e+00
2.312456654803597633e+00
2.347701368784270493e+00
2.358404768038072419e+00
2.345096798810702321e+00
2.307862260109241781e+00
2.246958962058319909e+00
2.162815755107204030e+00
2.056029313772059997e+00
1.931365883728098698e+00
1.786900441681980034e+00
1.623606286764634588e+00
1.442584532467986014e+00
1.245056493195412006e+00
1.032355243104518205e+00
8.229421712999943628e-01
6.029440177751761443e-01
3.736359087022170788e-01
1.933615633402552825e-01
7.894369925731757609e-02
-3.689107561652434780e-02
-1.539912809670762328e-01
-2.722038111118715298e-01
-3.913741426826122805e-01
-5.113465425943451992e-01
-8.451952698318067059e-01
-1.180637110473556239e+00
-1.514344298592982918e+00
-1.843010132694778536e+00
-2.163382420622117941e+00
-2.472296306662476351e+00
-2.792853864916429618e+00
-3.092374243416992741e+00
-3.367358910921150361e+00
-3.614608905965142949e+00
-3.831263023638121101e+00
-4.014831902404490727e+00
-4.148423775347663600e+00
-4.253087578107204614e+00
-4.327917914180039460e+00
-4.372293942193925531e+00
-4.385885010228978587e+00
-4.368653439781656544e+00
-4.323397465923940253e+00
-4.250492732362153525e+00
-4.150656954294293932e+00
-4.024842741514071953e+00
-3.874229032229418834e+00
-3.700210532432896215e+00
-3.506455270429578164e+00
-3.293061969839494729e+00
-3.061930351162549080e+00
-2.815110358546880409e+00
-2.554784435566979539e+00
-2.283248680624106353e+00
-2.001581443978098562e+00
-1.713510381706392804e+00
-1.421586121755037180e+00
-1.128390145866407401e+00
-8.365124320130548075e-01
-5.485290508650038088e-01
-2.598906757408897539e-01
-1.069582106240030001e-01
4.277077478983511843e-02
1.888870117091419887e-01
3.309911446105675004e-01
4.686947976666708815e-01
6.016216051688938471e-01
7.824658450960212397e-01
9.518196373016563072e-01
1.108738208723486496e+00
1.252345474281887139e+00
1.381838750372806013e+00
1.496493071335959657e+00
1.605991556827090383e+00
1.695501567487565087e+00
1.764393699963368478e+00
1.812178796158195881e+00
1.838511085850761395e+00
1.843190369763150205e+00
1.826273524631892409e+00
1.787914050907871255e+00
1.728347853114934995e+00
1.647952865743157913e+00
1.547246321492144139e+00
1.426881080420171477e+00
1.293878282084965026e+00
1.144354290016472708e+00
9.792068070303802108e-01
7.994285076616497454e-01
6.061007697824669638e-01
4.003868547539876088e-01
2.173902987432154710e-01
8.935477812598829894e-02
-4.173201506058279303e-02
-1.756108509580224519e-01
-3.120170621492547314e-01
-4.506810942107328244e-01
-5.913290648238026526e-01
-8.498905727300933854e-01
-1.112365233679430965e+00
-1.377061851218762234e+00
-1.642277428080944901e+00
-1.906308551977708543e+00
-2.167462745306016458e+00
-2.560372347214372013e+00
-2.936553251986913526e+00
-3.290344160585841227e+00
-3.616453346500851040e+00
-3.910041315261055583e+00
-4.120881399526097333e+00
-4.305576194505109200e+00
-4.462396864689417875e+00
-4.589907604241654226e+00
-4.686979922950446742e+00
-4.752803534091008864e+00
-4.785836026390734688e+00
-4.790425284884886281e+00
-4.766697047696804468e+00
-4.715038874595304463e+00
-4.636096004123482217e+00
-4.530764801143947196e+00
-4.401264589766432422e+00
-4.248233677602109459e+00
-4.073221956902646212e+00
-3.877976433375883047e+00
-3.664424879924669032e+00
-3.434657876541863164e+00
-3.187824406890981344e+00
-2.929108280795786889e+00
-2.661060990902024859e+00
-2.386315758020926214e+00
-2.107562763158535635e+00
-1.827523911161216041e+00
-1.517181888358166253e+00
-1.212380207166586121e+00
-9.167944499813762693e-01
-6.339846928800485504e-01
-4.438076796706659777e-01
-2.628465097548292051e-01
-9.218791094038905620e-02
-3.873031240308205669e-02
1.347817306469561473e-02
6.440387815086145995e-02
1.140139532721674703e-01
1.622763839202205349e-01
2.091600071934243965e-01
3.095575911415792691e-01
4.024780116811702557e-01
4.876157157807109455e-01
5.646899876072185576e-01
6.334457871408318841e-01
6.936545030472697215e-01
7.572963097876787009e-01
8.065790323606176759e-01
8.412305438142190228e-01
8.610526334162081907e-01
8.659218450005796708e-01
8.557899523188379209e-01
8.274002239793993851e-01
7.810792223303213433e-01
7.170753667992799674e-01
6.529700957234181313e-01
5.778766292616147604e-01
4.920715222028729241e-01
4.234049749418023478e-01
3.494179291659419984e-01
2.702552144291928138e-01
1.860721284762830996e-01
1.251352618533282668e-01
6.194312882932302006e-02
2.819637091584116517e-02
-6.136192310122014389e-03
-4.104584381777047486e-02
-7.652371781932940098e-02
-1.125608026910153714e-01
-2.246653330937850579e-01
-3.415236077426153649e-01
-4.628649285175508998e-01
-5.884081962540353983e-01
-7.178626114458830365e-01
-8.509284046570935178e-01
-1.065350275049880890e+00
-1.286625216944350614e+00
-1.513505523267388853e+00
-1.744713796210517032e+00
-1.978950622572291262e+00
-2.214902342754544229e+00
-2.568258469622817675e+00
-2.918091447908958358e+00
-3.260059562112847420e+00
-3.589944195958961526e+00
-3.903705381902548233e+00
-4.197534659993224615e+00
-4.456883152188182429e+00
-4.691916329137962194e+00
-4.900127187807943763e+00
-5.079345778926824373e+00
-5.227764283904037690e+00
-5.343957547382495399e+00
-5.421326177905813282e+00
-5.470214366959458729e+00
-5.490426053920521632e+00
-5.482060120501440537e+00
-5.445508261556486040e+00
-5.381449778527276351e+00
-5.292850548311677450e+00
-5.179879643563682912e+00
-5.043927896270316680e+00
-4.886607531893452538e+00
-4.709735404176551121e+00
-4.515314262548615787e+00
-4.300024767268475046e+00
-4.071060046187888304e+00
-3.831045188453063410e+00
-3.582709484028519409e+00
-3.328857701412866632e+00
-3.072340717809312505e+00
-2.777869461354987912e+00
-2.487995747550755254e+00
-2.206968016620550088e+00
-1.938894342495458112e+00
-1.687686920877056851e+00
-1.503275942428161427e+00
-1.333412831596932024e+00
-1.179652836055348875e+00
-1.043407672147742105e+00
-9.259339876243073419e-01
-8.283232788377150602e-01
-7.694683761782943332e-01
-7.222859140215217577e-01
-6.870281794659900410e-01
-6.638909977692013520e-01
-6.530130022216599217e-01
-6.544752051789564096e-01
-6.697041315138555495e-01
-6.990084682441930486e-01
-7.422688547959296335e-01
-7.992919564853652181e-01
-8.698117748795921589e-01
-9.534439307987142564e-01
-1.049816681544189612e+00
-1.158458493462835470e+00
-1.278834247864591989e+00
-1.410348281846543816e+00
-1.552347802303837954e+00
-1.725000803280590578e+00
-1.909101419008279121e+00
-2.103472953074834173e+00
-2.306873582420258195e+00
-2.518005160844015489e+00
-2.735522362119634288e+00
-3.017276710764625669e+00
-3.304162681414850589e+00
-3.593291000140646396e+00
-3.881764391784920498e+00
-4.166709367517155371e+00
-4.445307516794518854e+00
-4.782246602928894141e+00
-5.099693946221888652e+00
-5.392864524946354265e+00
-5.657427409670053642e+00
-5.889577240119668211e+00
-6.086096153692984956e+00
-6.220004701775756040e+00
-6.326584982409127811e+00
-6.405053889493941277e+00
-6.454966616119935274e+00
-6.476219869403090357e+00
-6.469050769460229056e+00
-6.431220463719833802e+00
-6.363357736959250666e+00
-6.288087095659220971e+00
-6.195312617327307869e+00
-6.086109521123290733e+00
-5.961687896217683580e+00
-5.823381535722353952e+00
-5.669244228697130517e+00
-5.503771120485312807e+00
-5.328701073720529813e+00
-5.145848913475910891e+00
-4.957089146766873178e+00
-4.764338725805656871e+00
-4.536962931830990975e+00
-4.309893074598996954e+00
-4.086200765359405906e+00
-3.868896567674844356e+00
-3.660893826983393495e+00
-3.464973917675316262e+00
-3.277708177182765414e+00
-3.108867242386301744e+00
-2.960873404078943061e+00
-2.835861760046865410e+00
-2.735654527615432041e+00
-2.661739607206626168e+00
-2.621322384276948192e+00
-2.600092031069255682e+00
-2.598330560281610246e+00
-2.616145907025585693e+00
-2.653472037046404886e+00
-2.710070708074516332e+00
-2.790340678606920477e+00
-2.890982918080269304e+00
-2.986651262355869640e+00
-3.094514443135943260e+00
-3.213944393276310318e+00
-3.344241648164300251e+00
-3.484640317109005903e+00
-3.646124033999365910e+00
-3.817251762257598990e+00
-3.996855079732522853e+00
-4.183709132884914084e+00
-4.376542006654013051e+00
-4.574044627727596790e+00
-4.831041281733616799e+00
-5.090655209890593724e+00
-5.350053746419018097e+00
-5.606429023089537722e+00
-5.857032146142781670e+00
-6.099206356520832095e+00
-6.373911095767247126e+00
-6.628958719929704202e+00
-6.860705543639974202e+00
-7.065948047138319588e+00
-7.241974382458033155e+00
-7.386606893970876442e+00
-7.485071980217881560e+00
-7.558184363598340560e+00
-7.605593431258515835e+00
-7.627285920528885654e+00
-7.623583225274387587e+00
-7.595134148816673481e+00
-7.544623878917146698e+00
-7.472765379104366446e+00
-7.380973340586320042e+00
-7.270895768577542384e+00
-7.144391629911072350e+00
-7.003506065980744211e+00
-6.840217059783678444e+00
-6.665953072277585711e+00
-6.483661338034723443e+00
-6.296373553432465187e+00
-6.107162702515005037e+00
-5.919099764108366912e+00
-5.663717992360666642e+00
-5.424458991662388208e+00
-5.253525189120376027e+00
-5.100223180338351092e+00
-4.967463122119188945e+00
-4.857782670936181546e+00
-4.773308315329949814e+00
-4.715724165210740004e+00
-4.690881415135824462e+00
-4.682296770408494346e+00
-4.690153997466280700e+00
-4.714479815996519996e+00
-4.755144925548373536e+00
-4.811866691057751666e+00
-4.891787289021666041e+00
-4.989638856588205051e+00
-5.104462801052393139e+00
-5.235117072499648749e+00
-5.350821086337089305e+00
-5.475168243083309072e+00
-5.607346232982964196e+00
-5.746490841402480676e+00
-5.891692851387411167e+00
-6.079461300308492966e+00
-6.273254139608391178e+00
-6.471129243097468731e+00
-6.671115320680232941e+00
-6.871234278475184531e+00
-7.069523825479563151e+00
-7.361787036677173823e+00
-7.639088597554801296e+00
-7.895516423639587167e+00
-8.083471667398823612e+00
-8.251966705700754190e+00
-8.398924772669635885e+00
-8.522652970137256645e+00
-8.621866528365552895e+00
-8.695705530609393108e+00
-8.740660178154108451e+00
-8.764012494909309225e+00
-8.766059090579538804e+00
-8.747392017848097723e+00
-8.708887292504741140e+00
-8.651689398299518885e+00
-8.575939042183499339e+00
-8.484059468930841064e+00
-8.377962158017261629e+00
-8.259742521516100666e+00
-8.131647462198227316e+00
-7.996041114779717240e+00
-7.835370245115747423e+00
-7.671808488040701590e+00
-7.509056126980835799e+00
-7.350749490807079845e+00
-7.200393245615278381e+00
-7.061296145575967742e+00
-6.936098402319890610e+00
-6.828085789592435617e+00
-6.739666912319906444e+00
-6.672846306728187571e+00
-6.629191619952283787e+00
-6.609809491466277720e+00
-6.612950253829107616e+00
-6.634345347052499342e+00
-6.673854878018564918e+00
-6.731089029056844808e+00
-6.805416197293343572e+00
-6.895974588914073777e+00
-7.001956166553072514e+00
-7.121878649474147061e+00
-7.254276516347800907e+00
-7.397526294989699380e+00
-7.549870894100575214e+00
-7.709445498974356603e+00
-7.901610667960036416e+00
-8.097777046257595757e+00
-8.294758711280348251e+00
-8.489393810174798105e+00
-8.678603555582817819e+00
-8.859448750985974286e+00
-9.045349992395562921e+00
-9.214517055468981255e+00
-9.364063585247961896e+00
-9.491585231960845803e+00
-9.595206908810526514e+00
-9.673617478907466705e+00
-9.720107073833416322e+00
-9.747512788647711091e+00
-9.756039906293207054e+00
-9.746201919290880866e+00
-9.718808148803336877e+00
-9.674946326612671399e+00
-9.616229145022275659e+00
-9.544067072734542023e+00
-9.460215487106575338e+00
-9.366597594802181348e+00
-9.265270659428303190e+00
-9.158390471360284835e+00
-9.029021067148686797e+00
-8.898678971836393004e+00
-8.770938510256534926e+00
-8.649258322686621980e+00
-8.536905138721351705e+00
-8.436883182861590669e+00
-8.355397303033347711e+00
-8.289585312009103646e+00
-8.241097951338977268e+00
-8.211203856527633960e+00
-8.200768991306048861e+00
-8.210244702057194033e+00
-8.235935304131146495e+00
-8.277620234392482956e+00
-8.334769361689062350e+00
-8.406598421053162795e+00
-8.492085280638509204e+00
-8.588931933143772568e+00
-8.696554557131536356e+00
-8.813404253413386513e+00
-8.937799101401822099e+00
-9.067952806833924129e+00
-9.202005500083158651e+00
-9.356807588707864554e+00
-9.511382828596662620e+00
-9.662963321767676916e+00
-9.808882100757749356e+00
-9.946628120385204497e+00
-1.007389714325325869e+01
-1.019249099883204401e+01
-1.029569581951374602e+01
-1.038193843492187440e+01
-1.045005115242011229e+01
-1.049929203043470061e+01
-1.052935523016024710e+01
-1.054030062732544337e+01
-1.053402635334290416e+01
-1.051137782229567463e+01
-1.047353107844667619e+01
-1.043350399743007451e+01
-1.038564070613005619e+01
-1.033090150309465471e+01
-1.027032687476305917e+01
-1.020502234141658882e+01
-1.013006853326743872e+01
-1.005242054449909084e+01
-9.973622387132794032e+00
-9.895214788385661819e+00
-9.818711359651837611e+00
-9.745574738909791535e+00
-9.630456054912997388e+00
-9.557810522046240820e+00
-9.499181332245919762e+00
-9.456481717545605292e+00
-9.431164820458178610e+00
-9.424192397254159914e+00
-9.436017479602380575e+00
-9.458409571582100384e+00
-9.492080906491954906e+00
-9.536603985403200312e+00
-9.591377333809656847e+00
-9.655637134486291018e+00
-9.734078719857679474e+00
-9.821095142751099516e+00
-9.915250619850718650e+00
-1.001499314748700087e+01
-1.011868475374652476e+01
-1.022463362982769475e+01
-1.035053813451993854e+01
-1.047439657806266844e+01
-1.059349667829981101e+01
-1.070529248228115726e+01
-1.080746854741290264e+01
-1.089799700059161580e+01
-1.097225106817186457e+01
-1.103308752533883741e+01
-1.107967995764387936e+01
-1.111155619819616192e+01
-1.112860413473694265e+01
-1.113106865802701506e+01
-1.111671480012403457e+01
-1.109373787770500819e+01
-1.106137064895833433e+01
-1.102065825422279666e+01
-1.097278987953616713e+01
-1.091907371290445994e+01
-1.086057575864170666e+01
-1.079907067894357553e+01
-1.073608140825132473e+01
-1.067313603733593474e+01
-1.061173882473976526e+01
-1.055334095054122656e+01
-1.047005030316537066e+01
-1.041603472866600200e+01
-1.037360796056336731e+01
-1.034433171798860940e+01
-1.032934635594918937e+01
-1.032934416041958592e+01
-1.034455670208911116e+01
-1.037217157719483396e+01
-1.041222886967551631e+01
-1.046388664919847500e+01
-1.052601525858167442e+01
-1.058087363121595814e+01
-1.064051689247405541e+01
-1.070412987185986076e+01
-1.077084380909317751e+01
-1.083975096909752445e+01
-1.092536181622809188e+01
-1.101114353509061949e+01
-1.109541462378080645e+01
-1.117655222700674500e+01
-1.125302838057675636e+01
-1.132344432058350492e+01
-1.139801384247130756e+01
-1.146037521419497196e+01
-1.150919454869191583e+01
-1.154360705079796112e+01
-1.156323686479671409e+01
-1.156820075336839437e+01
-1.155777288724774543e+01
-1.154148597194685166e+01
-1.151847947267939887e+01
-1.148948609656543596e+01
-1.145534062696221156e+01
-1.141696253012869278e+01
-1.137350293486625930e+01
-1.132768439549455053e+01
-1.128070629022108484e+01
-1.123377293886158412e+01
-1.118806942948948269e+01
-1.114473735084657058e+01
-1.107799772514347580e+01
-1.103794269613621104e+01
-1.100826511446407530e+01
-1.099027630054648164e+01
-1.098485222268205241e+01
-1.099241079634589546e+01
-1.101290585448714054e+01
-1.104757101430500121e+01
-1.108428113031756901e+01
-1.112820803522112989e+01
-1.117843196342944267e+01
-1.123389222055248027e+01
-1.129341530915745828e+01
-1.135451948901262220e+01
-1.141708947157080623e+01
-1.147987719419684183e+01
-1.154164663022066861e+01
-1.160120157950111697e+01
-1.165741337246293519e+01
-1.174316861508044241e+01
-1.178988034098744997e+01
-1.182836642071695010e+01
-1.185795302381905891e+01
-1.187823306028996306e+01
-1.188907398364242241e+01
-1.189061674313760797e+01
-1.187980686089745141e+01
-1.186495905700961018e+01
-1.184471301877967164e+01
-1.181977114067516510e+01
-1.179092666893359365e+01
-1.175904507221894413e+01
-1.172317664831290962e+01
-1.168606737352093461e+01
-1.164883880942769956e+01
-1.161259690378177467e+01
-1.157840629782090325e+01
-1.154726512338505451e+01
-1.150833487759416762e+01
-1.148518934055494611e+01
-1.147043188698684979e+01
-1.146476852562674331e+01
-1.146857439764485953e+01
-1.148188640347473921e+01
-1.150440798743595572e+01
-1.153968099240384504e+01
-1.157270223602477266e+01
-1.161042286171514348e+01
-1.165203305687136925e+01
-1.169663686208124354e+01
-1.174327592151211341e+01
-1.179288050647430985e+01
-1.184247414084274652e+01
-1.189094013301327735e+01
-1.193720790692746547e+01
-1.198028022497699752e+01
-1.201925914758695590e+01
-1.206247116938836506e+01
-1.209616852323067704e+01
-1.211946905136014330e+01
-1.213040440628645555e+01
-1.213431963990853113e+01
-1.213143960340845062e+01
-1.212218401766974374e+01
-1.210715204753022967e+01
-1.208710125097085175e+01
-1.206254001672756182e+01
-1.203476982436851372e+01
-1.200491049645146013e+01
-1.197412519979521406e+01
-1.194358450060035537e+01
-1.191443084043299727e+01
-1.187594375175340211e+01
-1.184603531871410453e+01
-1.183081332871605795e+01
-1.182251973507172238e+01
-1.182162998809304888e+01
-1.182833326803410401e+01
-1.184253019188691702e+01
-1.186384183052803820e+01
-1.189245167619123045e+01
-1.192694329322901581e+01
-1.195672824782305277e+01
-1.198870797709687253e+01
-1.202224359981610924e+01
-1.205666746950644175e+01
-1.209129949342592170e+01
-1.213383052582803145e+01
-1.217436006753833944e+01
-1.221171055053490306e+01
-1.224483801311247078e+01
-1.227286688743900100e+01
-1.229511907384674529e+01
-1.231132519125123004e+01
-1.232087375806746365e+01
-1.232377961766771435e+01
-1.232030284415562882e+01
-1.231093480904585391e+01
-1.229637597031877760e+01
-1.227845018223089113e+01
-1.225748530269424919e+01
-1.223445526395500238e+01
-1.221038658901783158e+01
-1.218632273440137226e+01
-1.216328835481937354e+01
-1.213108829712079739e+01
-1.211156607393467333e+01
-1.209865324326358760e+01
-1.209329626983337391e+01
-1.209601699756926685e+01
-1.210409368421775866e+01
-1.211725147721693574e+01
-1.213515432319259446e+01
-1.215730716917372867e+01
-1.218307556731732610e+01
-1.221171024697478025e+01
-1.224059906214976756e+01
-1.227054560055025512e+01
-1.230077890338787938e+01
-1.233053009700978997e+01
-1.235905592755426063e+01
-1.238566116078894908e+01
-1.241692483010446857e+01
-1.244249523587760109e+01
-1.246147874274692668e+01
-1.247335008460915873e+01
-1.247797269048142432e+01
-1.247559804380372839e+01
-1.246770830887360049e+01
-1.245509989394852113e+01
-1.244239828964199646e+01
-1.242786492808446930e+01
-1.241207889771111894e+01
-1.239564683072012485e+01
-1.237918468676896033e+01
-1.235906854529603471e+01
-1.234109315628486492e+01
-1.232633252615273634e+01
-1.231568855413352992e+01
-1.230985282136857606e+01
-1.230927788284471980e+01
-1.231365943195394408e+01
-1.232274467690483100e+01
-1.233629641989204373e+01
-1.235389838642594285e+01
-1.237497519483137687e+01
-1.239881858829326688e+01
-1.242464371412183510e+01
-1.245154986837667543e+01
-1.247862759477072814e+01
-1.250497495191888930e+01
-1.252973422034922812e+01
-1.255212618178602924e+01
-1.257447023288082733e+01
-1.259180147836227981e+01
-1.260357398083001357e+01
-1.260956238960376297e+01
-1.260986795204315314e+01
-1.260490636422975186e+01
-1.259559128074845447e+01
-1.258577327964011161e+01
-1.257429530278031571e+01
-1.256170917724144687e+01
-1.254859550083092223e+01
-1.253554345080374333e+01
-1.252007777794472254e+01
-1.250670726789710052e+01
-1.249637944797978761e+01
-1.248986208864399217e+01
-1.248770699844438248e+01
-1.249022472282343443e+01
-1.249666360538018495e+01
-1.250691329599310109e+01
-1.252066671668086606e+01
-1.253746670446439104e+01
-1.255672865956760553e+01
-1.257776860968186838e+01
-1.260045679918151507e+01
-1.262337758100874829e+01
-1.264568240583263936e+01
-1.266656556983786786e+01
-1.268530101179227998e+01
-1.270127472131741087e+01
-1.271472778474681320e+01
-1.272412824060735836e+01
-1.272931980516728423e+01
-1.273037085712747363e+01
-1.272756659555788161e+01
-1.272139001078638287e+01
-1.271335919860295860e+01
-1.270365288379981017e+01
-1.269292644072460519e+01
-1.268186899540203605e+01
-1.267117248631330106e+01
-1.266150093351800976e+01
-1.264963063754922956e+01
-1.264467711885381007e+01
-1.264388827139978488e+01
-1.264758045913166029e+01
-1.265577272269032250e+01
-1.266819133423266308e+01
-1.268429332157637646e+01
-1.269779852157095945e+01
-1.271247899455769925e+01
-1.272794957725318810e+01
-1.274380253350308223e+01
-1.275962254181068545e+01
-1.277897447916137352e+01
-1.279684200022106388e+01
-1.281254339490321392e+01
-1.282552681713826281e+01
-1.283539732227168706e+01
-1.284193584367397989e+01
-1.284505395378199921e+01
-1.284516626671051043e+01
-1.284255484713454365e+01
-1.283763482676435252e+01
-1.283093111653788476e+01
-1.282304992686148459e+01
-1.281432239486890978e+01
-1.280578219184203093e+01
-1.279815578790037911e+01
-1.279210645608407582e+01
-1.278819916977171367e+01
-1.278687154833108153e+01
-1.278844837341776497e+01
-1.279309157613782411e+01
-1.280075704705136808e+01
-1.281123216611125315e+01
-1.282415076903522611e+01
-1.283901640159654711e+01
-1.285458114960655962e+01
-1.287080662664870090e+01
-1.288708229285429496e+01
-1.290280540160344458e+01
-1.291741205632841094e+01
-1.293040580187139987e+01
-1.294308108090749698e+01
-1.295251177192066372e+01
-1.295848036559017658e+01
-1.296102112669101736e+01
-1.296041238196033163e+01
-1.295715180135496425e+01
-1.295271973207225713e+01
-1.294732710542706755e+01
-1.294153125913524072e+01
-1.293590271308826978e+01
-1.293099373942346908e+01
-1.292629751141085137e+01
-1.292507719090956542e+01
-1.292691170697857928e+01
-1.293128926979861149e+01
-1.293820403459264945e+01
-1.294750157789325939e+01
-1.295888969530816759e+01
-1.297195825978278094e+01
-1.298419262664369533e+01
-1.299694630281901553e+01
-1.300984437064045629e+01
-1.302251123537820732e+01
-1.303458716074273838e+01
-1.304574408822528220e+01
-1.305966618566073478e+01
-1.307046341544879908e+01
-1.307664746050239302e+01
-1.308056712387847753e+01
-1.308233447600810884e+01
-1.308218736928305503e+01
-1.308047355699489245e+01
-1.307762804277300184e+01
-1.307448503155318065e+01
-1.307120886132887172e+01
-1.306819051968061807e+01
-1.306580304775711454e+01
-1.306438368809295625e+01
-1.306421792816207983e+01
-1.306605749862537635e+01
-1.307038469929600843e+01
-1.307726863312658949e+01
-1.308659073191129529e+01
-1.309805732339750683e+01
-1.311122452216833700e+01
-1.312410659450573469e+01
-1.313745707354068415e+01
-1.315079453241556351e+01
-1.316364730344209732e+01
-1.317558158909749366e+01
-1.318622703178747813e+01
-1.319670162023916227e+01
-1.320472386575965551e+01
-1.321021892903207551e+01
-1.321332368598798546e+01
-1.321437102318397550e+01
-1.321385856111712087e+01
-1.321262487509345895e+01
-1.321112854522431590e+01
-1.320982857677702604e+01
-1.320916554542247745e+01
-1.320953439094976645e+01
-1.321126022160798996e+01
-1.321519064538488664e+01
-1.322138520863867406e+01
-1.322984670818381403e+01
-1.324039626350619692e+01
-1.325269156030692663e+01
-1.326625780116149222e+01
-1.327908331680297316e+01
-1.329203553992092246e+01
-1.330467165607129765e+01
-1.331657883634714068e+01
-1.332740096378716110e+01
-1.333686138122475207e+01
-1.334543068789159648e+01
-1.335207181722731740e+01
-1.335685122007785353e+01
-1.335998287294803966e+01
-1.336180866159676306e+01
-1.336276924529166621e+01
-1.336333564714760591e+01
-1.336402208059775809e+01
-1.336525809731326753e+01
-1.336742951298625215e+01
-1.337085211479572600e+01
-1.337575063905198114e+01
-1.338256173543951100e+01
-1.339111441829274263e+01
-1.340128452594850650e+01
-1.341282966063072735e+01
-1.342540992453685611e+01
-1.343861564108088480e+01
-1.345194890763455398e+01
-1.346501512235557918e+01
-1.347740144511397808e+01
-1.348875716003288794e+01
-1.349881915512355590e+01
-1.350743031223954027e+01
-1.351451505688981136e+01
-1.352019832008613420e+01
-1.352466155085264887e+01
-1.352817772066606317e+01
-1.353108927430663222e+01
-1.353378125547989264e+01
-1.353684006983436383e+01
-1.354055254537007258e+01
-1.354531263255366724e+01
-1.355142293242729323e+01
-1.355907100342799687e+01
-1.356831589902027702e+01
-1.357890486829869303e+01
-1.359078785615512963e+01
-1.360368353504004268e+01
-1.361723673768639031e+01
-1.363104894608760098e+01
-1.364483544048332320e+01
-1.365807423066517323e+01
-1.367043070476525202e+01
-1.368165493314631220e+01
-1.369159975978070598e+01
-1.370023156314802648e+01
-1.370784398725656139e+01
-1.371435361937970399e+01
-1.372006657775302685e+01
-1.372536049449438345e+01
-1.373064959454720402e+01
-1.373639660690709974e+01
-1.374294433079547240e+01
-1.375060201993530917e+01
-1.375957982291536474e+01
-1.376997316429467766e+01
-1.378175598343589492e+01
-1.379655898115116308e+01
-1.381259062476085475e+01
-1.382571224837051815e+01
-1.383902729446249680e+01
-1.385226755265077259e+01
-1.386517863028926456e+01
-1.387753780889087629e+01
-1.389337393381935826e+01
-1.390755751274793717e+01
-1.391739385020696140e+01
-1.392630742865441995e+01
-1.393446507810420520e+01
-1.394209815069713798e+01
-1.394948349344908678e+01
-1.395691999848855680e+01
-1.396457057919741729e+01
-1.397281314128652419e+01
-1.398185936414631669e+01
-1.399186085537903068e+01
-1.400289837559098061e+01
-1.401497669486682618e+01
-1.403073444847589890e+01
-1.404763954360468148e+01
-1.406533455521911691e+01
-1.407959976547913605e+01
-1.409387019991855894e+01
-1.410793515068671056e+01
-1.412160692128515471e+01
-1.413473387522328295e+01
-1.415102889469227776e+01
-1.416610259494935420e+01
-1.418002835967079456e+01
-1.419303599313040110e+01
-1.420547942370222749e+01
-1.421779154894693065e+01
-1.422924700255903119e+01
-1.424129659934430236e+01
-1.425421119906969203e+01
-1.426818316748260962e+01
-1.428330863181249732e+01
-1.429957963262051379e+01
-1.431878801113140298e+01
-1.433899478423898266e+01
-1.435983335037224506e+01
-1.437619406470738959e+01
-1.439248743226538352e+01
-1.440853545782046474e+01
-1.442418888999288562e+01
-1.443933827741307674e+01
-1.445763460485799357e+01
-1.447502922428109606e+01
-1.449164718598930257e+01
-1.450772486154883367e+01
-1.452357914346877443e+01
-1.453956915927892979e+01
-1.455601356867067864e+01
-1.457326563212540549e+01
-1.459156287695768839e+01
-1.461103906497029747e+01
-1.463171099689110299e+01
-1.465347943278184850e+01
-1.467908574046558812e+01
-1.470000771808957829e+01
-1.472116643038209993e+01
-1.474232970303687118e+01
-1.476328594428573915e+01
-1.478386438279423132e+01
-1.480752432866993473e+01
-1.483043392725674181e+01
-1.485266445304415051e+01
-1.487441115660825908e+01
-1.489596444124217278e+01
-1.491767067448871487e+01
-1.493873845025701996e+01
-1.496054184601826087e+01
-1.498329572365658358e+01
-1.500713010950819637e+01
-1.503207699064143732e+01
-1.505806898713359665e+01
-1.509031533766734512e+01
-1.511654517502184447e+01
-1.514310115842514470e+01
-1.516975286593260464e+01
-1.519629306607169283e+01
-1.522256022285968058e+01
-1.525133846116433922e+01
-1.527962817126284101e+01
-1.530751508489375468e+01
-1.533518504264489657e+01
-1.536289726452335458e+01
-1.539094999589137380e+01
-1.541976080993956266e+01
-1.544947989845245395e+01
-1.548029880982988971e+01
-1.551231357323022486e+01
-1.554551503830470871e+01
-1.557979356391267167e+01
-1.562354703225862096e+01
-1.565598063276797447e+01
-1.568868670110732744e+01
-1.572148492385681884e+01
-1.575422984413451921e+01
-1.578682710218069651e+01
-1.582506058907757307e+01
-1.586310750269284320e+01
-1.590114684839007708e+01
-1.593944388717439509e+01
-1.597830894194178164e+01
-1.601805198852185086e+01
-1.606368500916863695e+01
-1.611098284833498084e+01
-1.616002767703234611e+01
-1.620026539331455950e+01
-1.624143925945224609e+01
-1.628339298162027404e+01
-1.632594762077929573e+01
-1.636892417635744934e+01
-1.641216672302564206e+01
-1.647930802665994321e+01
-1.652925525970678322e+01
-1.657940221688945570e+01
-1.662992242705786339e+01
-1.668106261283255165e+01
-1.673310606338626272e+01
-1.678633121809110662e+01
-1.684653042038651094e+01
-1.690864395676413068e+01
-1.697273201309059587e+01
-1.703871046647468290e+01
-1.710637738901347760e+01
-1.717546143341886022e+01
-1.723564811774879857e+01
-1.729652132067135639e+01
-1.735798332261390087e+01
-1.742000273955031631e+01
-1.748262143207259811e+01
-1.754595151078528659e+01
-1.763528644647914945e+01
-1.770089328777049076e+01
-1.776787700604890574e+01
-1.783642444723935228e+01
-1.790667719200659036e+01
-1.797871722465278310e+01
-1.805869157378025136e+01
-1.814071624294508567e+01
-1.822466500287857372e+01
-1.831037773225626353e+01
-1.839769585811884056e+01
-1.848649573586097006e+01
-1.860240609199182771e+01
-1.869781640553706481e+01
-1.879493591389303120e+01
-1.889398791050065896e+01
-1.899524787387248281e+01
-1.909900732169270654e+01
-1.920553638309677424e+01
-1.935800676304712908e+01
-1.947759140866075711e+01
-1.960068349858205750e+01
-1.972723129479271265e+01
-1.985713708501250707e+01
-1.999029969628280412e+01
-2.012665746418047874e+01
-2.034289475967385030e+01
-2.049253457508962839e+01
-2.064612600300505463e+01
-2.080404372290102799e+01
-2.096670135170040083e+01
-2.113450667204166677e+01
-2.130782109016219650e+01
-2.151757922091766773e+01
-2.169294504617742447e+01
-2.187376456976682348e+01
-2.206010371195512576e+01
-2.225202658251906840e+01
-2.244962734031774332e+01
-2.265305874021424515e+01
-2.291138829683684719e+01
-2.317948593826255532e+01
-2.340226313653432300e+01
-2.363231385546405861e+01
-2.387013502325399372e+01
-2.411622703764682996e+01
-2.437107394418556794e+01
-2.463513011584639756e+01
-2.494099905034143205e+01
-2.525939793159812652e+01
-2.559087253873784107e+01
-2.593600880625337268e+01
-2.629548054841216853e+01
-2.667009003187206062e+01
-2.706457488888766250e+01
-2.747661572916658557e+01
-2.790752944018369419e+01
-2.835877356749857370e+01
-2.883191863545120626e+01
-2.932862380740102992e+01
-2.999193460804187339e+01
-3.050449693196973300e+01
-3.104210070784295894e+01
-3.160639995667468938e+01
-3.219920844616283517e+01
-3.282254187498127607e+01
-3.347865972106222188e+01
-3.442758239570098766e+01
-3.544914628277236091e+01
-3.655190428095438904e+01
-3.774573288777387603e+01
-3.904197809618223403e+01
-4.001689991825698911e+01
-4.105335067180251940e+01
-4.215695523125683764e+01
-4.333402506614849159e+01
-4.459167047349252044e+01
-4.593793555344794299e+01
-4.720310886293984964e+01
-4.855101223931450960e+01
-4.998959676529734253e+01
-5.152784901500975678e+01
-5.317594965451545619e+01
-5.494546312530231091e+01
-5.656702066034422671e+01
-5.829657742510215712e+01
-6.014465946324961720e+01
-6.212314409753386713e+01
-6.424547576211469391e+01
-6.652692611219170260e+01
-6.856528882972268946e+01
-7.073800513772184217e+01
-7.305793311584889693e+01
-7.553956080315809629e+01
-7.819926410274167949e+01
-8.105561553886695947e+01
-8.362075307071245334e+01
-8.635344968487503081e+01
-8.926955000483943081e+01
-9.238687969423023105e+01
-9.572555323574646025e+01
-9.930834147285004576e+01
-1.025281806706666998e+02
-1.059561010712041167e+02
-1.096115034103745955e+02
-1.135161730291626725e+02
-1.176946450654059788e+02
-1.221746396863299537e+02
-1.261969411921269568e+02
-1.304754580456997530e+02
-1.350336644416822764e+02
-1.398978686389419579e+02
-1.450976409236558595e+02
-1.506663226084573353e+02
-1.556553959015785153e+02
-1.609562444745874927e+02
-1.665968476225758366e+02
-1.726084988392511832e+02
-1.790262989386657466e+02
-1.858897414576877907e+02
-1.926482127763807171e+02
-1.998623307375007414e+02
-2.075763468350856442e+02
-2.158402224793191237e+02
-2.247105642141766282e+02
-2.342517502000476952e+02
-2.419415033347780195e+02
-2.500906216564750650e+02
-2.587386728192570899e+02
-2.679297680929907415e+02
-2.777132255185814529e+02
-2.881443589099070550e+02
-2.971783345964246337e+02
-3.067225042703169038e+02
-3.168186340547082978e+02
-3.275130832126379801e+02
-3.388574524990452232e+02
-3.509093504987882284e+02
-3.614679759318745482e+02
-3.725962965575756130e+02
-3.843392526412608277e+02
-3.967465955257380301e+02
-4.098735553229747097e+02
-4.237816285294592831e+02
-4.358900084588980235e+02
-4.486191598209743461e+02
-4.620161590632022239e+02
-4.761329869713587186e+02
-4.910271980682124422e+02
-5.067627092661294910e+02
-5.203796026563429677e+02
-5.346568757241427647e+02
-5.496426085423673840e+02
-5.653897577849087384e+02
-5.819568120231091370e+02
-5.994085629009385912e+02
-6.144369429948282004e+02
-6.301529441567745380e+02
-6.466046517968665057e+02
-6.638449087402703981e+02
-6.819319458560553358e+02
-7.009301235081328514e+02
-7.172226857057368079e+02
-7.342176843668103174e+02
-7.519623800414519792e+02
-7.705086066897083583e+02
-7.899133711210785123e+02
-8.102395572654803573e+02
-8.276095640451641202e+02
-8.456851853981523846e+02
-8.645122167657411865e+02
-8.841408017684068454e+02
-9.046259970795399568e+02
-9.260284357392401944e+02
-9.442627774122930759e+02
-9.631956757566590568e+02
-9.828710072359435799e+02
-1.003336749148017816e+03
-1.024645508820004579e+03
-1.046855144808425166e+03
-1.065727566881895200e+03
-1.085282989843273754e+03
-1.105563081599729912e+03
-1.126613355599252827e+03
-1.148483664720833303e+03
-1.171228780908861154e+03
-1.190512029709673243e+03
-1.210456071707707906e+03
-1.231100210889283744e+03
-1.252487343306943103e+03
-1.274664416936815996e+03
-1.297682971313055077e+03
-1.317158988671654697e+03
-1.337268722124076930e+03
-1.358049059381615734e+03
-1.379540234840801077e+03
-1.401786257170007275e+03
-1.424835411056880503e+03
-1.444303109215451741e+03
-1.464374182361394560e+03
-1.485083124129123007e+03
-1.506467541245491475e+03
-1.528568550831746506e+03
-1.551431246620070397e+03
-1.570711769255856780e+03
-1.590563428216784814e+03
-1.611018395941680637e+03
-1.632111738050059330e+03
-1.653881782404806700e+03
-1.676370552210645656e+03
-1.695310209439554455e+03
-1.714787973497438998e+03
-1.734833800398266476e+03
-1.755480333802380528e+03
-1.776763247847901084e+03
-1.798721649492029883e+03
-1.817192891826231744e+03
-1.836169276045406832e+03
-1.855678664376566076e+03
-1.875751415479203843e+03
-1.896420702963137273e+03
-1.917722889223105312e+03
-1.935623759696975640e+03
-1.953997501805777347e+03
-1.972870014529098171e+03
-1.992269515882842370e+03
-2.012226838925329275e+03
-2.032775779197218071e+03
-2.050028285549033171e+03
-2.067722527566011649e+03
-2.085882572678275665e+03
-2.104534643030586722e+03
-2.123707390653148650e+03
-2.143432220470789161e+03
-2.159980022443588496e+03
-2.176939844086556604e+03
-2.194334049813652200e+03
-2.212187006653260141e+03
-2.230525340134634916e+03
-2.249378234682749735e+03
-2.265183973775622235e+03
-2.281373602919336008e+03
-2.297967906300843879e+03
-2.314989529960577329e+03
-2.332463219824941007e+03
-2.350416101161864390e+03
-2.365458622882827967e+03
-2.380858568782753082e+03
-2.396635258491587592e+03
-2.412809743206746134e+03
-2.429405027188829536e+03
-2.446446327820516217e+03
-2.460717972121116873e+03
-2.475322251797424087e+03
-2.490277129888620493e+03
-2.505602180368383870e+03
-2.521318794316143340e+03
-2.537450421999303217e+03
-2.550954499973127895e+03
-2.564768070779943173e+03
-2.578907841053892298e+03
-2.593392016616608544e+03
-2.608240494439902250e+03
-2.623475088058674828e+03
-2.636223610730385644e+03
-2.649260070237280615e+03
-2.662600009438781854e+03
-2.676260366812514803e+03
-2.690259655236268827e+03
-2.704618171935693226e+03
-2.716629862826949648e+03
-2.728909443844129783e+03
-2.741471379546248500e+03
-2.754331434069683837e+03
-2.767506837676614850e+03
-2.781016482347537931e+03
-2.792315073259749624e+03
-2.803862930067955404e+03
-2.815673517816883759e+03
-2.827761512021646467e+03
-2.840142953856227905e+03
-2.852835432414762636e+03
-2.863448235360465333e+03
-2.874293011875330649e+03
-2.885382300091494017e+03
-2.896729765895604032e+03
-2.908350347563699870e+03
-2.920260425636573473e+03
-2.930217155201956302e+03
-2.940389807371778261e+03
-2.950790060279261070e+03
-2.961430642991891091e+03
-2.972325470337695151e+03
-2.983489801268054634e+03
-2.992821620946027451e+03
-3.002354465626588080e+03
-3.012099215146608913e+03
-3.022067728900399743e+03
-3.032272971546122790e+03
-3.042729160663761832e+03
-3.051467920602088270e+03
-3.060393877249846810e+03
-3.069517169075640595e+03
-3.078848847758145439e+03
-3.088400995409771440e+03
-3.098186862277235832e+03
-3.106364503337166298e+03
-3.114716502900342221e+03
-3.123252310626931376e+03
-3.131982227690411491e+03
-3.140917516108360360e+03
-3.150070527177698750e+03
-3.157718623851914799e+03
-3.165529156921424601e+03
-3.173510935802491531e+03
-3.181673564031779279e+03
-3.190027541251254661e+03
-3.198584383019081542e+03
-3.205733802560142976e+03
-3.213034583888208090e+03
-3.220494941093370926e+03
-3.228123828980177677e+03
-3.235931038213455395e+03
-3.243927307099642803e+03
-3.250607953137279310e+03
-3.257429670162698130e+03
-3.264400118496474533e+03
-3.271527649461213059e+03
-3.278821394158246221e+03
-3.286291367771068053e+03
-3.292532005997342822e+03
-3.298904149503703593e+03
-3.305414943318477981e+03
-3.312072177183939402e+03
-3.318884368399982577e+03
-3.325860859161579810e+03
-3.331689002507303940e+03
-3.337639756470241082e+03
-3.343719786439472045e+03
-3.349936359407071450e+03
-3.356297421284158190e+03
-3.362811687747466749e+03
-3.368253529640188390e+03
-3.373809708880565267e+03
-3.379486444284860681e+03
-3.385290516111732359e+03
-3.391229338226990876e+03
-3.397311042901158089e+03
-3.402391418862965111e+03
-3.407578434370509513e+03
-3.412877892334842727e+03
-3.418296119687560349e+03
-3.423840034743275737e+03
-3.429517226359083907e+03
-3.434259607059254449e+03
-3.439101462600714967e+03
-3.444048208435689048e+03
-3.449105749157805803e+03
-3.454280541387852281e+03
-3.459579667675929159e+03
-3.464006188620273861e+03
-3.468525514334494801e+03
-3.473142699258726225e+03
-3.477863254462416535e+03
-3.482693206355766961e+03
-3.487639165689962283e+03
-3.491770644796974011e+03
-3.495988717248383637e+03
-3.500298101025396591e+03
-3.504703940425554720e+03
-3.509211860881883695e+03
-3.513828033390917426e+03
-3.517684023745126524e+03
-3.521620821891823653e+03
-3.525642832193501363e+03
-3.529754857063687268e+03
-3.533962148155421801e+03
-3.538270466525048960e+03
-3.541869293772583660e+03
-3.545543538380097289e+03
-3.549297312305204741e+03
-3.553135099193189490e+03
-3.557061802176639503e+03
-3.561082800062113165e+03
-3.564441615436299799e+03
-3.567870824351449301e+03
-3.571374266053189785e+03
-3.574956126877740189e+03
-3.578620984890133059e+03
-3.582373862358481801e+03
-3.585508728992395390e+03
-3.588709306786657635e+03
-3.591979180658746373e+03
-3.595322259672110704e+03
-3.598742818726334008e+03
-3.602245547566546520e+03
-3.605171486134446241e+03
-3.608158771155161958e+03
-3.611210750354454376e+03
-3.614331074200627427e+03
-3.617523734842928206e+03
-3.620793111889106967e+03
-3.623524133793391684e+03
-3.626312432065494704e+03
-3.629161133124149728e+03
-3.632073646154624385e+03
-3.635053699479069564e+03
-3.638105383316737061e+03
-3.640654579600616216e+03
-3.643257256662889176e+03
-3.645916334441991239e+03
-3.648634997001150168e+03
-3.651416726502030997e+03
-3.654265343148465945e+03
-3.656644929501329898e+03
-3.659074456440532231e+03
-3.661556651237775895e+03
-3.664094487890098208e+03
-3.666691218852428392e+03
-3.669350412354721811e+03
-3.671571756668085982e+03
-3.673839737943257205e+03
-3.676156903543773296e+03
-3.678526031305957076e+03
-3.680950159182947118e+03
-3.683432620104259513e+03
-3.685506383235126577e+03
-3.687623702413914089e+03
-3.689786957199634344e+03
-3.691998742465279520e+03
-3.694261896090587015e+03
-3.696579531531274824e+03
-3.698515605738508384e+03
-3.700492360482575805e+03
-3.702512018628857277e+03
-3.704577004196795315e+03
-3.706689968229643000e+03
-3.708853819224113977e+03
-3.710661439547051486e+03
-3.712507056744344482e+03
-3.714392747378758486e+03
-3.716320775944869183e+03
-3.718293619040908197e+03
-3.720313993796952218e+03
-3.722001805867612802e+03
-3.723725111426376770e+03
-3.725485850565010423e+03
-3.727286138973704510e+03
-3.729128290522794487e+03
-3.731014843828326775e+03
-3.732590835591832729e+03
-3.734199982484634802e+03
-3.735844097033069374e+03
-3.737525155827715935e+03
-3.739245320622076179e+03
-3.741006963152960907e+03
-3.742478643235208892e+03
-3.743981296495147944e+03
-3.745516616431772491e+03
-3.747086449845089192e+03
-3.748692816542377386e+03
-3.750337932535670006e+03
-3.751712224139837872e+03
-3.753115449610645101e+03
-3.754549191089188753e+03
-3.756015173943011177e+03
-3.757515285180666524e+03
-3.759051595121579794e+03
-3.760335080693884265e+03
-3.761645599216375103e+03
-3.762984629094722550e+03
-3.764353782584003966e+03
-3.765754822998455893e+03
-3.767189684961326748e+03
-3.768388419653595520e+03
-3.769612412067608147e+03
-3.770863043718463359e+03
-3.772141821207821522e+03
-3.773450392299181203e+03
-3.774790564846779034e+03
-3.775910136788457294e+03
-3.777053306052367589e+03
-3.778221363415798805e+03
-3.779415716530983900e+03
-3.780637904949708627e+03
-3.781889617805094076e+03
-3.782935381172600501e+03
-3.784003194591154625e+03
-3.785094264383186783e+03
-3.786209906108093492e+03
-3.787351558594222752e+03
-3.788520800471459097e+03
-3.789497572453730754e+03
-3.790494945438650575e+03
-3.791514046510062599e+03
-3.792556104812817466e+03
-3.793622464663761548e+03
-3.794714600996177523e+03
-3.795627036278115611e+03
-3.796558721969964608e+03
-3.797510711362187521e+03
-3.798484153132269057e+03
-3.799480303600825664e+03
-3.800500541162820355e+03
-3.801352937264796765e+03
-3.802223323318108669e+03
-3.803112683752452540e+03
-3.804022092161554610e+03
-3.804952722769611228e+03
-3.805905863912989844e+03
-3.806702255459985736e+03
-3.807515461717293874e+03
-3.808346403003064552e+03
-3.809196083004402226e+03
-3.810065599483232745e+03
-3.810956156891562841e+03
-3.811700083476999225e+03
-3.812459719653719276e+03
-3.813235925208532990e+03
-3.814029637808927419e+03
-3.814841883008937202e+03
-3.815673786028675750e+03
-3.816368842934437907e+03
-3.817078581988768747e+03
-3.817803806874229849e+03
-3.818545394074009437e+03
-3.819304302202438066e+03
-3.820081583030017100e+03
-3.820730833973633253e+03
-3.821393799931245667e+03
-3.822071231550261928e+03
-3.822763947455600373e+03
-3.823472842946835499e+03
-3.824198900300637433e+03
-3.824805407714061403e+03
-3.825424727827889456e+03
-3.826057561809216622e+03
-3.826704674310721202e+03
-3.827366901591866281e+03
-3.828045161138250023e+03
-3.828611863610036380e+03
-3.829190540566341951e+03
-3.829781847281483806e+03
-3.830386498373562517e+03
-3.831005275428295135e+03
-3.831639035966251868e+03
-3.832168811023484523e+03
-3.832709787907948794e+03
-3.833262580023048940e+03
-3.833827856343572421e+03
-3.834406348502755009e+03
-3.834998859225448996e+03
-3.835493565437562211e+03
-3.835998727376730130e+03
-3.836514917124829935e+03
-3.837042758574020809e+03
-3.837582934103794287e+03
-3.838136192391872555e+03
-3.838598933595293602e+03
-3.839071466769862127e+03
-3.839554328238446942e+03
-3.840048102964391546e+03
-3.840553430832208960e+03
-3.841071013973017671e+03
-3.841503584038641293e+03
-3.841945313020028152e+03
-3.842396702858665776e+03
-3.842858301031687461e+03
-3.843330706395709512e+03
-3.843814576070415114e+03
-3.844218548430009378e+03
-3.844631070681973142e+03
-3.845052611136210544e+03
-3.845483680557980279e+03
-3.845924837612373722e+03
-3.846376695281470347e+03
-3.846754150849174039e+03
-3.847139595437531625e+03
-3.847533466551018137e+03
-3.847936241362304372e+03
-3.848348441825574355e+03
-3.848770640651327085e+03
-3.849123578171367626e+03
-3.849483991462162066e+03
-3.849852290134982923e+03
-3.850228920980164276e+03
-3.850614372790907964e+03
-3.851009181941561110e+03
-3.851339263173761083e+03
-3.851676342817938348e+03
-3.852020804738919196e+03
-3.852373067667602754e+03
-3.852733589681613921e+03
-3.853102873467019435e+03
-3.853411054977133062e+03
-3.853725765865371613e+03
-3.854047363910388412e+03
-3.854376239365119545e+03
-3.854712819162307369e+03
-3.855057571789503072e+03
-3.855345780847729202e+03
-3.855640101590034647e+03
-3.855940869103299519e+03
-3.856248448933753025e+03
-3.856563241074280540e+03
-3.856885684507150927e+03
-3.857155370147900612e+03
-3.857430783145583064e+03
-3.857712238039670410e+03
-3.858000077996262917e+03
-3.858294678509599180e+03
-3.858596451704875108e+03
-3.858848173123182278e+03
-3.859105234690553971e+03
-3.859367929567079045e+03
-3.859636577514826513e+03
-3.859911528202060254e+03
-3.860193165289706030e+03
-3.860427408568050851e+03
-3.860666600428951369e+03
-3.860911011187543863e+03
-3.861160935590769895e+03
-3.861416695943456034e+03
-3.861678645787339519e+03
-3.861898179420164070e+03
-3.862122363616676012e+03
-3.862351453157519245e+03
-3.862585725919534980e+03
-3.862825485798945010e+03
-3.863071066212414735e+03
-3.863276122801565634e+03
-3.863485521148034422e+03
-3.863699498834513633e+03
-3.863918314992121850e+03
-3.864142253109504054e+03
-3.864371624241868631e+03
-3.864563881461052915e+03
-3.864760223265364402e+03
-3.864960873624054329e+03
-3.865166076958415942e+03
-3.865376100980209685e+03
-3.865591239625674461e+03
-3.865772294976098237e+03
-3.865957227089504613e+03
-3.866146250956163385e+03
-3.866339601252074772e+03
-3.866537534661535574e+03
-3.866740332993038919e+03
-3.866906694843914011e+03
-3.867076560288331166e+03
-3.867250119921621717e+03
-3.867427581516158170e+03
-3.867609172277206198e+03
-3.867795141378336666e+03
-3.867952106296458169e+03
-3.868112407579081264e+03
-3.868276228673741571e+03
-3.868443769707535921e+03
-3.868615249541323919e+03
-3.868790908332640811e+03
-3.868936789407332981e+03
-3.869085753293828930e+03
-3.869237969018247895e+03
-3.869393620769664267e+03
-3.869552909463584001e+03
-3.869716055264319948e+03
-3.869850172984672099e+03
-3.869987077836636217e+03
-3.870126919201752116e+03
-3.870269859738964442e+03
-3.870416077208963543e+03
-3.870565766356392032e+03
-3.870694780989630544e+03
-3.870826554073070838e+03
-3.870961237489799714e+03
-3.871098997167318885e+03
-3.871240015148592192e+03
-3.871384491514955243e+03
-3.871507047385053284e+03
-3.871632268523600487e+03
-3.871760304989965789e+03
-3.871891320846771123e+03
-3.872025495875186607e+03
-3.872163027779916774e+03
-3.872274445350515634e+03
-3.872388223149290297e+03
-3.872504489844657201e+03
-3.872623385871565006e+03
-3.872745065217960473e+03
-3.872869696996560833e+03
-3.872976577183785139e+03
-3.873085782352691695e+03
-3.873197443131055024e+03
-3.873311702399134447e+03
-3.873428716945441010e+03
-3.873548659287338978e+03
-3.873646937171117770e+03
-3.873747319696281011e+03
-3.873849924241990266e+03
-3.873954878833614202e+03
-3.874062322988489541e+03
-3.874172409616107871e+03
-3.874260252949720325e+03
-3.874349893583560970e+03
-3.874441427594446395e+03
-3.874534959262146913e+03
-3.874630601316160664e+03
-3.874728476634133131e+03
-3.874808395708187163e+03
-3.874889904782382018e+03
-3.874973083896669323e+03
-3.875058020091366416e+03
-3.875144809166494269e+03
-3.875233556136665811e+03
-3.875337811600333680e+03
-3.875407818982975641e+03
-3.875479140598743925e+03
-3.875551839140382981e+03
-3.875625982525227300e+03
-3.875701644787950045e+03
-3.875778906442435073e+03
-3.875798932956177396e+03
-3.875812771190509466e+03
-3.875826664303765028e+03
-3.875840611333847846e+03
-3.875854612351523429e+03
-3.875868668259096012e+03
-3.875882779915316860e+03
-3.875898360489452443e+03
-3.875914006456276638e+03
-3.875929720641048789e+03
-3.875945505199852050e+03
-3.875961361030748321e+03
-3.875981490362053592e+03
-3.876001734633699925e+03
-3.876022096174560374e+03
-3.876042577002771850e+03
-3.876094242939821015e+03
-3.876146696600174892e+03
-3.876181643216673365e+03
-3.876216952781448981e+03
-3.876252633615541072e+03
-3.876288695115701557e+03
-3.876325906822770776e+03
-3.876363536093107541e+03
-3.876401595818608257e+03
-3.876440099158322482e+03
-3.876479059304557722e+03
-3.876527299422440137e+03
-3.876576267540264780e+03
-3.876625992238434264e+03
-3.876676503817001048e+03
-3.876727834222347610e+03
-3.876765426895462042e+03
-3.876803477678333820e+03
-3.876842000684076993e+03
-3.876881010857645379e+03
-3.876920524076490892e+03
-3.876960556953905780e+03
-3.876998759941522167e+03
-3.877037453324422131e+03
-3.877076654119181512e+03
-3.877116380116520304e+03
-3.877156649303043650e+03
-3.877197480311253003e+03
-3.877239214460663334e+03
-3.877281560828848797e+03
-3.877324542664094224e+03
-3.877368184503543034e+03
-3.877412512271454489e+03
-3.877460476235998158e+03
-3.877494478581189924e+03
-3.877528905716742884e+03
-3.877563771293931495e+03
-3.877599089227054719e+03
-3.877634874276133360e+03
-3.877671142108410095e+03
-3.877702368997045141e+03
-3.877733967246577322e+03
-3.877765948493527503e+03
-3.877798324829239391e+03
-3.877831108780429986e+03
-3.877864313223675708e+03
-3.877901744350161607e+03
-3.877926321800235655e+03
-3.877941191758287005e+03
-3.877956149076757356e+03
-3.877971196108830554e+03
-3.877986333924807695e+03
-3.878001563430537317e+03
-3.878022719286937445e+03
-3.878044055907315396e+03
-3.878065577454815411e+03
-3.878087288093424377e+03
-3.878119867313064788e+03
-3.878142215934894011e+03
-3.878164771943737378e+03
-3.878187540485183490e+03
-3.878210526413441130e+03
-3.878233734616213496e+03
-3.878249884866520915e+03
-3.878253664044571451e+03
-3.878257448713113263e+03
-3.878261239247879985e+03
-3.878265035921755498e+03
-3.878268838784248146e+03
-3.878272647772315850e+03
-3.878278337233036382e+03
-3.878279655557354090e+03
-3.878280410716228744e+03
-3.878281167261206519e+03
-3.878281924809127759e+03
-3.878282682596384802e+03
-3.878283440381049786e+03
-3.878284238976912093e+03
-3.878285037257684507e+03
-3.878285835645782299e+03
-3.878286634338556723e+03
