-1.155133186447749882e-35
-2.304544379554481872e-11
-4.609087634854854633e-11
-2.765442118925894445e-10
-5.069964204775015716e-10
-1.215756699509146610e-09
-1.924506431757759655e-09
-2.633245367365856608e-09
-4.589238098638441252e-09
-6.545147895971624666e-09
-8.500974735145989064e-09
-2.235934363653919039e-08
-3.621355499340139131e-08
-5.006361600081728175e-08
-8.398368768886711596e-08
-1.178789931181262957e-07
-1.517496427225090362e-07
-1.855957461051803111e-07
-3.083960068692093810e-07
-4.308786610413651891e-07
-5.530488122966071923e-07
-6.749114937796762148e-07
-1.117126217225384866e-06
-1.555545235597424463e-06
-1.990391819888081545e-06
-2.421878974289358964e-06
-2.850209995676816368e-06
-3.313694902054763713e-06
-3.773900350130613523e-06
-4.231054286427717342e-06
-4.685373740794013867e-06
-5.137065434387753143e-06
-5.586326362869729943e-06
-6.276990205361996619e-06
-6.962938724563386325e-06
-7.644781547864769111e-06
-8.323086526454148172e-06
-8.998383100226249490e-06
-9.671165364006583962e-06
-1.028385095928497026e-05
-1.089515419388859903e-05
-1.150538540235875168e-05
-1.211483687142249670e-05
-1.272378408439545037e-05
-1.333248686748499470e-05
-1.397134965807275324e-05
-1.461048057917255256e-05
-1.525013162119164728e-05
-1.589054043016478355e-05
-1.653193127577674119e-05
-1.717451594418031879e-05
-1.787541067988370977e-05
-1.857819941198588361e-05
-1.928311123609828268e-05
-1.999036201953931905e-05
-2.070015530403322582e-05
-2.141268313740660558e-05
-2.218203336956717559e-05
-2.295496668445395490e-05
-2.373168312834212924e-05
-2.451237117332466230e-05
-2.529720850679990145e-05
-2.608636275961703378e-05
-2.693675141205454775e-05
-2.779245943629196305e-05
-2.865365955039297056e-05
-2.952051449340891071e-05
-3.039317770396460951e-05
-3.127179394630751449e-05
-3.222100777304668723e-05
-3.317738709091295725e-05
-3.414108163159584186e-05
-3.511223247604030218e-05
-3.609097264133311761e-05
-3.707742762185331649e-05
-3.814482005215214633e-05
-3.922137269945849005e-05
-4.030721555475284498e-05
-4.140247109383417718e-05
-4.250725478572972332e-05
-4.362167556122721325e-05
-4.482838178878956653e-05
-4.604642336238567524e-05
-4.727591305210961060e-05
-4.851695710344545607e-05
-4.976965567642531500e-05
-5.103410325061541388e-05
-5.228939020866622145e-05
-5.355621097046996902e-05
-5.483464141202871865e-05
-5.612475335441029434e-05
-5.742661481804626854e-05
-5.874029026165432192e-05
-6.015140279123076930e-05
-6.157603489088268520e-05
-6.301425256815361008e-05
-6.446611830925842929e-05
-6.593169129875691597e-05
-6.741102762137927322e-05
-6.933883168450479971e-05
-7.128971216722005419e-05
-7.326376939473236622e-05
-7.526109731769487410e-05
-7.728178397212890824e-05
-7.932591186660681716e-05
-8.156193258077112527e-05
-8.382552423322381146e-05
-8.611677235052565772e-05
-8.843575700246416140e-05
-9.078255316923134030e-05
-9.315723107727339402e-05
-9.549506150206555884e-05
-9.785941770723869748e-05
-1.002503533175102017e-04
-1.026679187958510857e-04
-1.051121616538681404e-04
-1.075831266620025178e-04
-1.105200449450246907e-04
-1.134939621160673635e-04
-1.165049381767377888e-04
-1.195530293031229422e-04
-1.226382881095621684e-04
-1.257607638559369602e-04
-1.288944754637121059e-04
-1.320648845479016826e-04
-1.352720307542195667e-04
-1.385159513319947865e-04
-1.417966812804331053e-04
-1.451142534984220490e-04
-1.486870583158517081e-04
-1.523016984396098898e-04
-1.559582067786245642e-04
-1.596566142375753440e-04
-1.633969498409938953e-04
-1.671792408424076421e-04
-1.713084890427634050e-04
-1.754866684959342066e-04
-1.797138074247429972e-04
-1.839899322882895263e-04
-1.883150678785787499e-04
-1.926892374018624214e-04
-1.974408452998551030e-04
-2.022490418192446219e-04
-2.071138504097516317e-04
-2.120352929963018745e-04
-2.170133900516742589e-04
-2.220481606603245072e-04
-2.275095041749406811e-04
-2.330360430901765782e-04
-2.386277963486766081e-04
-2.442847815833992862e-04
-2.500070151722164091e-04
-2.557945122854565117e-04
-2.620757651592054869e-04
-2.684321582601749650e-04
-2.748637063342948463e-04
-2.813704230056897999e-04
-2.879523208115174985e-04
-2.946094112324524803e-04
-3.012307969650751928e-04
-3.079249509174336098e-04
-3.146918814856266514e-04
-3.215315963273565354e-04
-3.284441023991687900e-04
-3.354294060095901957e-04
-3.429430039959590671e-04
-3.505390566009156583e-04
-3.582175693019309308e-04
-3.659785469655348609e-04
-3.738219938754773985e-04
-3.817479137464007441e-04
-3.920879821060202085e-04
-4.025651409117270759e-04
-4.131793942060980581e-04
-4.239307452152551612e-04
-4.348191963112272825e-04
-4.458447487796198330e-04
-4.579154025844390206e-04
-4.701462091750953300e-04
-4.825371664803629205e-04
-4.950882717563570828e-04
-5.077995213994460468e-04
-5.206709107723953142e-04
-5.333492375640341105e-04
-5.461791803824581461e-04
-5.591607329984534447e-04
-5.722938885610019894e-04
-5.855786396103165436e-04
-5.990149781818160726e-04
-6.149907515591839652e-04
-6.311756378470531571e-04
-6.475696216340423843e-04
-6.641726871522671445e-04
-6.809848181964878134e-04
-6.980059978568290899e-04
-7.150918487750512753e-04
-7.323832457033786205e-04
-7.498801705309008931e-04
-7.675826047625098703e-04
-7.854905294459452181e-04
-8.036039251879894358e-04
-8.231125206761908319e-04
-8.428539278063117753e-04
-8.628281219041509988e-04
-8.830350780500841957e-04
-9.034747710291018150e-04
-9.241471752549670600e-04
-9.467161467127767002e-04
-9.695560454379871388e-04
-9.926668380135774891e-04
-1.016048490918784221e-03
-1.039700970404953614e-03
-1.063624242337973466e-03
-1.089610310323014652e-03
-1.115908430926056648e-03
-1.142518560760629473e-03
-1.169440656411805226e-03
-1.196674674264954418e-03
-1.224220570330206929e-03
-1.254096964025037866e-03
-1.284331677799683017e-03
-1.314924656439313581e-03
-1.345875844761436433e-03
-1.377185187423075712e-03
-1.408852628727426826e-03
-1.443216385341114473e-03
-1.477991972633081394e-03
-1.513179320953237641e-03
-1.548778360760123384e-03
-1.584789022385745243e-03
-1.621211235809570010e-03
-1.657431049747967256e-03
-1.694048750472513425e-03
-1.731064270974745287e-03
-1.768477544083679005e-03
-1.806288502425911066e-03
-1.844497078490137196e-03
-1.885586695017712295e-03
-1.927126276464626508e-03
-1.969115741069406376e-03
-2.011555007101005054e-03
-2.054443992801845489e-03
-2.097782616266953126e-03
-2.154308329641405496e-03
-2.211580784728020728e-03
-2.269599803685487700e-03
-2.328365210354304497e-03
-2.387876829595036911e-03
-2.448134485606738662e-03
-2.514083592135748276e-03
-2.580903311862605895e-03
-2.648593420640385672e-03
-2.717153695908347804e-03
-2.786583915286853716e-03
-2.856883855278615457e-03
-2.926105626003885039e-03
-2.996150021395477345e-03
-3.067016835656299033e-03
-3.138705862612400661e-03
-3.211216895582683778e-03
-3.284549727757570241e-03
-3.371712792444916344e-03
-3.460008465010234839e-03
-3.549436408924697920e-03
-3.639996289424909763e-03
-3.731687772806455139e-03
-3.824510524730994915e-03
-3.917650620439799315e-03
-4.011901935622581156e-03
-4.107264143741124265e-03
-4.203736918470066947e-03
-4.301319933150709977e-03
-4.400012860738978376e-03
-4.506266608917596124e-03
-4.613776733154990699e-03
-4.722542838818953245e-03
-4.832564531888734576e-03
-4.943841418559104077e-03
-5.056373104714556761e-03
-5.179180752867643470e-03
-5.303447837407694598e-03
-5.429173862453795692e-03
-5.556358333301300578e-03
-5.685000755640142421e-03
-5.815100634602593695e-03
-5.956360075565345601e-03
-6.099297333500764383e-03
-6.243911795461630151e-03
-6.390202849875151365e-03
-6.538169885524644856e-03
-6.687812290516739581e-03
-6.850046169101676498e-03
-7.014202887995877114e-03
-7.180281693004476884e-03
-7.348281831452220351e-03
-7.518202551065047631e-03
-7.690043098856431426e-03
-7.876434925296681155e-03
-8.065032307222025354e-03
-8.255834315336982310e-03
-8.448840022129365177e-03
-8.644048500538964105e-03
-8.841458822681695293e-03
-9.037689290566414471e-03
-9.236046265558279719e-03
-9.436528866338177862e-03
-9.639136211492829731e-03
-9.843867419263080051e-03
-1.005072160785366701e-02
-1.027308699696762202e-02
-1.049785250617614810e-02
-1.072501707408760226e-02
-1.095457964019004062e-02
-1.118653914451283281e-02
-1.142089452694831399e-02
-1.172644279174095416e-02
-1.203596603535504392e-02
-1.234946198014939822e-02
-1.266692835890282677e-02
-1.298836291119673421e-02
-1.331376337435993817e-02
-1.366975571493553136e-02
-1.403037116503126451e-02
-1.439560686372082579e-02
-1.476545995993750610e-02
-1.513992760491872543e-02
-1.551900694522975049e-02
-1.589215031365046049e-02
-1.626965148056398400e-02
-1.665150782265640422e-02
-1.703771671599854307e-02
-1.742827553510563690e-02
-1.782318165457368042e-02
-1.829245585935112411e-02
-1.876771675707053846e-02
-1.924896009207366712e-02
-1.973618161972813187e-02
-2.022937710250314117e-02
-2.072854230084750921e-02
-2.122938212142837580e-02
-2.173608294380032294e-02
-2.224864063477655779e-02
-2.276705106355542824e-02
-2.329131009876482181e-02
-2.382141360815606679e-02
-2.439218101321273535e-02
-2.496956273635149437e-02
-2.555355379373999702e-02
-2.614414920627396860e-02
-2.674134399742063989e-02
-2.734513319036310439e-02
-2.800426449906992868e-02
-2.867106705564173574e-02
-2.934553460067981095e-02
-3.002766088295688238e-02
-3.071743965517091321e-02
-3.141486466877210088e-02
-3.217259160796664269e-02
-3.293912758761449733e-02
-3.371446486213370425e-02
-3.449859569574778573e-02
-3.529151235692071925e-02
-3.609320711269046328e-02
-3.696326802154236563e-02
-3.784341897977511887e-02
-3.873365043454034956e-02
-3.963395284437456340e-02
-4.054431667301380826e-02
-4.146473238319563215e-02
-4.246467046133219070e-02
-4.347618554700879989e-02
-4.449926582290669036e-02
-4.553389948567122814e-02
-4.658007473842586815e-02
-4.763777978353665732e-02
-4.869159195339785307e-02
-4.975658292686854084e-02
-5.083274141993131962e-02
-5.192005615199211249e-02
-5.301851584426923308e-02
-5.412810922130887464e-02
-5.532446008998053583e-02
-5.653346316177244174e-02
-5.775510474785632009e-02
-5.898937116950902365e-02
-6.023624875596145928e-02
-6.149572384030173311e-02
-6.314420520247428226e-02
-6.481372885499273040e-02
-6.650426516697173496e-02
-6.821578458292644476e-02
-6.994825760137594883e-02
-7.170165472102540960e-02
-7.363198283842099789e-02
-7.558697878595067865e-02
-7.756660463811244910e-02
-7.957082254976902136e-02
-8.159959470986764829e-02
-8.365288329770949327e-02
-8.569219507591611940e-02
-8.775505711528114317e-02
-8.984143371476122075e-02
-9.195128919082981578e-02
-9.408458786753680358e-02
-9.624129408516630957e-02
-9.859512287328704716e-02
-1.009761295704339479e-01
-1.033842694272472107e-01
-1.058194977424857380e-01
-1.082817698547512697e-01
-1.107710411255586197e-01
-1.135340315783587573e-01
-1.163294297502269342e-01
-1.191571767178336988e-01
-1.220172136450880934e-01
-1.249094817558341619e-01
-1.278339222981809964e-01
-1.310659844124839046e-01
-1.343363089870922567e-01
-1.376448195193145096e-01
-1.409914396266576109e-01
-1.443760930057851333e-01
-1.477987033889936186e-01
-1.515942947151548148e-01
-1.554353101245867230e-01
-1.593216493502405684e-01
-1.632532122929248319e-01
-1.672298989680350290e-01
-1.712516094488366891e-01
-1.757410888507919822e-01
-1.802851236914939370e-01
-1.848835800761255421e-01
-1.895363243577894430e-01
-1.942432230640558366e-01
-1.990041428153268566e-01
-2.043550505226639225e-01
-2.097722494040357155e-01
-2.152555572287066510e-01
-2.208047921641124733e-01
-2.264197726430366431e-01
-2.321003172341097598e-01
-2.385319233230015212e-01
-2.450450840515360218e-01
-2.516395463313682024e-01
-2.583150576812270338e-01
-2.650713660478534739e-01
-2.719082196149033570e-01
-2.790557869757831488e-01
-2.862887765187145939e-01
-2.936069117450011423e-01
-3.010099166730044185e-01
-3.084975157228670439e-01
-3.160694336635700985e-01
-3.246679538247670971e-01
-3.333719557074557582e-01
-3.421810519438653886e-01
-3.510948561233688259e-01
-3.601129826328139938e-01
-3.692350464354195450e-01
-3.797643280240743380e-01
-3.904277144426425150e-01
-4.012246374910915514e-01
-4.121545307538700409e-01
-4.232168292303877255e-01
-4.344109688622064813e-01
-4.485593040230176909e-01
-4.629108384003906007e-01
-4.774644830396058692e-01
-4.922191543370297295e-01
-5.071737728550317348e-01
-5.223272612891245448e-01
-5.420592531680580306e-01
-5.621145730438917854e-01
-5.824909593945983843e-01
-6.031861687833351970e-01
-6.241979710158838124e-01
-6.455241406069655019e-01
-6.689932816587044195e-01
-6.928263554800164759e-01
-7.170205558481016483e-01
-7.415730957478836594e-01
-7.664812004646691657e-01
-7.917421026113456994e-01
-8.221032768913945077e-01
-8.374664506025695232e-01
-8.529506000580425740e-01
-8.685551634297106194e-01
-8.842795749254398485e-01
-9.001232693768692616e-01
-9.160856862134771905e-01
-9.529951301921005813e-01
-9.905146822552005625e-01
-1.028637740923282529e+00
-1.067357704462622570e+00
-1.106668031222505011e+00
-1.126542571322930897e+00
-1.146562306973074596e+00
-1.166726440784829677e+00
-1.187034169812101858e+00
-1.207484694958487426e+00
-1.228077225456540633e+00
-1.241293980573382250e+00
-1.254568055689695427e+00
-1.267899246217920606e+00
-1.281287348367818435e+00
-1.294732158996088955e+00
-1.350516537031364983e+00
-1.364609812716258030e+00
-1.378761518375001272e+00
-1.392971435212251086e+00
-1.407239349213872170e+00
-1.421565047064112575e+00
-1.467896094747233926e+00
-1.479570496001874513e+00
-1.491281353380035313e+00
-1.503028563394348760e+00
-1.514812015777412757e+00
-1.525292912146272384e+00
-1.535802152694563549e+00
-1.546339662145190808e+00
-1.556905365295775168e+00
-1.569892519797275954e+00
-1.582921768606233570e+00
-1.595992973540492521e+00
-1.609105996897356228e+00
-1.682113356284263617e+00
-1.691327159473716923e+00
-1.700560340405429693e+00
-1.709812853567915569e+00
-1.719084655322033361e+00
-1.728375702199934638e+00
-1.742820549672253749e+00
-1.757311399632407012e+00
-1.771848088342750760e+00
-1.786430452985378725e+00
-1.860553509344943457e+00
-1.879262243469523863e+00
-1.898041511535375703e+00
-1.916890990429980235e+00
-1.935810365713245274e+00
-1.954799324374002500e+00
-2.019215747679360184e+00
-2.027322331279848289e+00
-2.035440962871935877e+00
-2.043571622436416657e+00
-2.051714287028641781e+00
-2.070812528800767272e+00
-2.089976061610098412e+00
-2.109204592454100080e+00
-2.128497830112922262e+00
-2.190489391540883179e+00
-2.206088605552724236e+00
-2.221728076688249676e+00
-2.237407664944430330e+00
-2.253127223800315271e+00
-2.268642985507753895e+00
-2.284197212416221756e+00
-2.299789767528077622e+00
-2.315420514199900470e+00
-2.334049857013756224e+00
-2.352732740056934890e+00
-2.371468935180966575e+00
-2.390258215204957626e+00
-2.514811203386251304e+00
-2.530537165755988749e+00
-2.546297560455711650e+00
-2.562092261700335882e+00
-2.577921150058019251e+00
-2.593784106829669867e+00
-2.613980782014521775e+00
-2.634231973542135563e+00
-2.654537435707983839e+00
-2.674896924535348663e+00
-2.702615607097165196e+00
-2.730432761327401536e+00
-2.758347785722684797e+00
-2.786360080930490035e+00
-2.814469050363399116e+00
-2.942043298956933395e+00
-2.958124053540414078e+00
-2.974234230173408822e+00
-2.990373724404431055e+00
-3.006542435038541239e+00
-3.022740261471279055e+00
-3.045182213840322394e+00
-3.067679356886163777e+00
-3.090231424481893363e+00
-3.112838152247658474e+00
-3.143350763861521013e+00
-3.173961278301147715e+00
-3.204669061042689560e+00
-3.235473480386307443e+00
-3.266373907976837465e+00
-3.413189808554395910e+00
-3.431687413041255130e+00
-3.450216955801615359e+00
-3.468778311334368869e+00
-3.487371357929632154e+00
-3.505995974645780944e+00
-3.530740119935079857e+00
-3.555539273788475452e+00
-3.580393154635516773e+00
-3.605301482887724784e+00
-3.624062720813582938e+00
-3.642854456271021668e+00
-3.661676572168893973e+00
-3.680528951682525474e+00
-3.699411478291893651e+00
-3.844227620473151141e+00
-3.990736393088504474e+00
-4.009166560210037922e+00
-4.027622307192511464e+00
-4.046103537259777561e+00
-4.064610157755572217e+00
-4.083142076666614884e+00
-4.134986588184025535e+00
-4.187025332381332454e+00
-4.239256317926026085e+00
-4.291677585672973194e+00
-4.421873790099578372e+00
-4.454598838001007977e+00
-4.487393388164098162e+00
-4.520256999242501017e+00
-4.553189240210223865e+00
-4.586189683172004372e+00
-4.615052083758763857e+00
-4.643965844475727245e+00
-4.672930683685359909e+00
-4.701946321999269429e+00
-4.737548215647104044e+00
-4.773225371321946575e+00
-4.808977287471835282e+00
-4.844803465869470749e+00
-4.880703411853129836e+00
-5.086691743629334184e+00
-5.112603250427818047e+00
-5.138550397809042991e+00
-5.164533015806473060e+00
-5.190550938771908207e+00
-5.216604002440656807e+00
-5.275911548114908811e+00
-5.335397623760845143e+00
-5.395060340097018070e+00
-5.454897842689587328e+00
-5.614304872431787885e+00
-5.654342579277176206e+00
-5.694453630851851855e+00
-5.734637520153429868e+00
-5.774893753219060955e+00
-5.815221841042045092e+00
-5.939166922436023732e+00
-6.063767112058878084e+00
-6.189008946420671897e+00
-6.314879617850083449e+00
-6.358790900747530728e+00
-6.402776230888727937e+00
-6.446835130824767113e+00
-6.490967112769203240e+00
-6.535171676788857908e+00
-6.715075870763664412e+00
-6.779922934538230805e+00
-6.844917019602466901e+00
-6.910056790038420438e+00
-6.975340875031692534e+00
-7.114782432750629937e+00
-7.254858728987493954e+00
-7.395557656087137666e+00
-7.536867827708019441e+00
-7.595673146197116310e+00
-7.654581077506231068e+00
-7.713590912195552818e+00
-7.772701935173282450e+00
-7.831913421543060139e+00
-7.984509284263001661e+00
-8.137751611539821184e+00
-8.291629305587921550e+00
-8.446132114138974245e+00
-8.559327933944677724e+00
-8.672848398719070317e+00
-8.786690164245252177e+00
-8.900849967732513690e+00
-9.015324639568797593e+00
-9.242530487057509347e+00
-9.356583642544311630e+00
-9.470933630458088004e+00
-9.585578124944465372e+00
-9.700514925851905446e+00
-9.815741965528040680e+00
-1.006270567879541744e+01
-1.018667506452742444e+01
-1.031096687715245608e+01
-1.043557938105570138e+01
-1.056051102471148262e+01
-1.068576041305503388e+01
-1.087812829969288231e+01
-1.107123421155915288e+01
-1.126507504709813645e+01
-1.145964842627123836e+01
-1.155720926259274250e+01
-1.165495264714967050e+01
-1.175287848119804934e+01
-1.185098671297931006e+01
-1.194927732894267258e+01
-1.211068577779913547e+01
-1.213089625121624771e+01
-1.215111437935535932e+01
-1.217134016342246028e+01
-1.219157360399591994e+01
-1.222239895728317371e+01
-1.223010807039469583e+01
-1.223781829361299245e+01
-1.224552962701294234e+01
-1.225324207066175042e+01
-1.230448550071926661e+01
-1.235577791638941747e+01
-1.240711934360245650e+01
-1.245850981126818091e+01
-1.258123424573956761e+01
-1.270423812377486961e+01
-1.282752200857126113e+01
-1.295108653682287958e+01
-1.307493241965889830e+01
-1.330758294077811144e+01
-1.354122848785592303e+01
-1.365842644127420691e+01
-1.377587570151905894e+01
-1.389357721710937810e+01
-1.401153198231517827e+01
-1.412974103536806147e+01
-1.424820545665987659e+01
-1.459279305366060342e+01
-1.476590286820088771e+01
-1.493956180231104547e+01
-1.511377387382360560e+01
-1.528854323631404633e+01
-1.546387417121201402e+01
-1.563977108113641989e+01
-1.602319893380376215e+01
-1.640935760022629353e+01
-1.660347641332974433e+01
-1.679829668151901245e+01
-1.699382486068380160e+01
-1.719006746194379076e+01
-1.738703105797757331e+01
-1.758472228872008003e+01
-1.796650625528438283e+01
-1.835104716589347973e+01
-1.873839296176344504e+01
-1.912859154879957657e+01
-1.952169068525561713e+01
-1.991773782363106804e+01
-2.030531550415457787e+01
-2.069576137470403765e+01
-2.108911688429697051e+01
-2.148542256302614106e+01
-2.188471792172326502e+01
-2.228704133050558056e+01
-2.267092030126529423e+01
-2.305757936534727648e+01
-2.344704785118018364e+01
-2.383935392246087304e+01
-2.423452453556426178e+01
-2.463258540636781291e+01
-2.501583010177281352e+01
-2.529727512968760550e+01
-2.543853626681343627e+01
-2.552641232812317540e+01
-2.561442746158633454e+01
-2.570258187829351826e+01
-2.579087578649463808e+01
-2.587930939155747723e+01
-2.596788289593521881e+01
-2.625442359589107255e+01
-2.654242721940056526e+01
-2.683189993777026316e+01
-2.712284761367077834e+01
-2.741527580249571372e+01
-2.770918975264792294e+01
-2.824130869516412190e+01
-2.877827122152967121e+01
-2.932010052581377479e+01
-2.986681685727069890e+01
-3.041843762220359082e+01
-3.097497746984169353e+01
-3.148578541241806406e+01
-3.200068520059535615e+01
-3.251968244958611365e+01
-3.304278123337016382e+01
-3.356998417727449180e+01
-3.410129255787254010e+01
-3.463155695579349214e+01
-3.516584744092134684e+01
-3.570416191231399949e+01
-3.624649734729111117e+01
-3.679284989697222841e+01
-3.734321498001325068e+01
-3.788983619120818247e+01
-3.844034829419776855e+01
-3.899474531046082859e+01
-3.955302089732009563e+01
-4.011516842431457519e+01
-4.068118104618961439e+01
-4.124022558399968830e+01
-4.180297682929681713e+01
-4.236942808964753482e+01
-4.293957270915176849e+01
-4.351340411886524606e+01
-4.409091588365854619e+01
-4.466162035621994875e+01
-4.523586227706071838e+01
-4.581363615493662422e+01
-4.639493676091633034e+01
-4.697975915464676433e+01
-4.756809870729610878e+01
-4.819392556242127057e+01
-4.882367416910116020e+01
-4.945734032168819994e+01
-5.009492027980412132e+01
-5.073641077722990644e+01
-5.138180902656096549e+01
-5.206343768950188888e+01
-5.274936695257709829e+01
-5.343959528913238444e+01
-5.413412173699768459e+01
-5.483294588296877947e+01
-5.553606784372345118e+01
-5.622977873408120075e+01
-5.692762460151836734e+01
-5.762960691239516819e+01
-5.833572752989030619e+01
-5.904598868570113268e+01
-5.976039295063973356e+01
-6.046236359999299026e+01
-6.116829458411989151e+01
-6.187818906680909237e+01
-6.259205040563719535e+01
-6.330988212297972950e+01
-6.403168787713275378e+01
-6.473176648525245014e+01
-6.543555028992653888e+01
-6.614304278603822240e+01
-6.685424749045593273e+01
-6.756916792044017939e+01
-6.828780757289797521e+01
-6.893906934849988488e+01
-6.959336106644276754e+01
-7.002095107526380957e+01
-7.044982697508987712e+01
-7.087998941515134277e+01
-7.131143903156343811e+01
-7.174417644643925485e+01
-7.217820226703071285e+01
-7.296287715477016889e+01
-7.375173360392845723e+01
-7.454477473639433072e+01
-7.534200347225723249e+01
-7.614342251985088694e+01
-7.694903436650361073e+01
-7.788077396874763281e+01
-7.881806576192276736e+01
-7.976091238399237682e+01
-8.070931605876877768e+01
-8.166327859726941085e+01
-8.262280140173540133e+01
-8.353819046981645613e+01
-8.445858483829859154e+01
-8.538398474049277809e+01
-8.631439012205868266e+01
-8.724980065651153893e+01
-8.819021576285517483e+01
-8.910429107602169552e+01
-9.002304375406448855e+01
-9.094647269528115885e+01
-9.187457664448838557e+01
-9.280735421184438394e+01
-9.374480389196621388e+01
-9.466764493459339747e+01
-9.559496616865951069e+01
-9.652676596121536079e+01
-9.746304264129710759e+01
-9.840379451632374241e+01
-9.934901988794442218e+01
-1.002812756128786020e+02
-1.012178391978502958e+02
-1.021587091019506630e+02
-1.031038838306560734e+02
-1.040533619467767465e+02
-1.050071420806257123e+02
-1.058170385908511690e+02
-1.066300097348716491e+02
-1.074460548244970113e+02
-1.082651732207312847e+02
-1.090873643363710812e+02
-1.099126276382275620e+02
-1.108788708341784996e+02
-1.118492904588411250e+02
-1.128238859601859332e+02
-1.138026568949209860e+02
-1.147856029288324748e+02
-1.157727238361393347e+02
-1.167627055619603880e+02
-1.177568509921307367e+02
-1.187551602146537135e+02
-1.197576334158414397e+02
-1.207642708761882204e+02
-1.217750729656912938e+02
-1.227668780176233412e+02
-1.237626610912979572e+02
-1.247624227498541387e+02
-1.257661636171031603e+02
-1.267738843715864903e+02
-1.277855857404423148e+02
-1.287641741504905895e+02
-1.297464596899152411e+02
-1.307324431041089952e+02
-1.317221251585071968e+02
-1.327155066332332751e+02
-1.337125883178026982e+02
-1.346076461646530902e+02
-1.355056660780665538e+02
-1.358067303017607514e+02
-1.361081260697749826e+02
-1.363168407589536741e+02
-1.365257141608121856e+02
-1.367347462822157524e+02
-1.369439371300047981e+02
-1.371532867109913241e+02
-1.373627950319570061e+02
-1.380567025108275914e+02
-1.387523459890807658e+02
-1.394497257033548010e+02
-1.401488418851157292e+02
-1.408496947600552573e+02
-1.415522845474741871e+02
-1.428383956325374413e+02
-1.441302883243691326e+02
-1.454279637556512910e+02
-1.467314229610529139e+02
-1.480406668706339417e+02
-1.493556963040159644e+02
-1.506289578426053595e+02
-1.519075978357932684e+02
-1.531916167097248547e+02
-1.544810147879055933e+02
-1.557757922918475231e+02
-1.570759493427418363e+02
-1.583146433780041775e+02
-1.595581811870052888e+02
-1.608065626379525668e+02
-1.620597875293147183e+02
-1.633178555940379511e+02
-1.645807665042221117e+02
-1.658164100265888408e+02
-1.670566538586488150e+02
-1.683014975577611381e+02
-1.695509406454377483e+02
-1.708049826125631512e+02
-1.720636229246879907e+02
-1.733091009359075372e+02
-1.745590480469404611e+02
-1.758134637032574688e+02
-1.770723473461454489e+02
-1.783356984174417050e+02
-1.796035163641152508e+02
-1.808667832462318472e+02
-1.821344529644148338e+02
-1.834065250171240393e+02
-1.846829989235312439e+02
-1.859638742268423925e+02
-1.872491504973081646e+02
-1.884869282800095789e+02
-1.897287598114524769e+02
-1.909746447947696879e+02
-1.922245829635111249e+02
-1.934785740828276914e+02
-1.947366179503940771e+02
-1.959983202159823179e+02
-1.972640723982102031e+02
-1.985338743952278833e+02
-1.998077261386981718e+02
-2.010856275934338555e+02
-2.023675787567960640e+02
-2.036367240304554969e+02
-2.049098137973904841e+02
-2.061868481428101916e+02
-2.074678271785365098e+02
-2.087527510415170013e+02
-2.100416198921926139e+02
-2.112971223102005922e+02
-2.125563459749190827e+02
-2.138192910871269135e+02
-2.150859578617772456e+02
-2.163563465261732404e+02
-2.176304573181019464e+02
-2.188145318964034516e+02
-2.200018035277305728e+02
-2.211922724169431831e+02
-2.221021111696965704e+02
-2.226700215917025503e+02
-2.232386539051464638e+02
-2.238080081323425929e+02
-2.243780842955440562e+02
-2.249488824169158647e+02
-2.255204025185060175e+02
-2.271008656814760513e+02
-2.286868245064134157e+02
-2.302782794305565233e+02
-2.318752308724475881e+02
-2.334776792281984683e+02
-2.350856248679502301e+02
-2.368471756751974908e+02
-2.386152781055577918e+02
-2.403899325091690571e+02
-2.421711391839487248e+02
-2.439588983731832741e+02
-2.457532102637144078e+02
-2.473522047214996746e+02
-2.489563674117920016e+02
-2.505656983514145679e+02
-2.521801975218857592e+02
-2.537998648702639741e+02
-2.554247003103314455e+02
-2.569880839293224994e+02
-2.585562221995910477e+02
-2.601291149665587454e+02
-2.617067620531616399e+02
-2.632891632617006508e+02
-2.648763183758085802e+02
-2.664522110850935519e+02
-2.680327621951821584e+02
-2.696179714542345778e+02
-2.712078386007550534e+02
-2.728023633657717255e+02
-2.744015454750207255e+02
-2.760128034506578842e+02
-2.776287613314364080e+02
-2.792494188362667842e+02
-2.808747756872966193e+02
-2.825048316119135734e+02
-2.841395863446548447e+02
-2.858210014169735587e+02
-2.867360208552168501e+02
-2.876524970671053438e+02
-2.885704300130930733e+02
-2.894898196549470413e+02
-2.904106659558275396e+02
-2.913329688803605109e+02
-2.926527138311825524e+02
-2.939754297139630808e+02
-2.953011164424544859e+02
-2.966297739374555817e+02
-2.979614021270226658e+02
-2.992960009466233373e+02
-3.007866889487524986e+02
-3.022810655619696263e+02
-3.037791307301866937e+02
-3.052808844090139928e+02
-3.067863265656363865e+02
-3.082954571786104339e+02
-3.098022698121421854e+02
-3.113127416967300292e+02
-3.128268728429708290e+02
-3.143446632712016253e+02
-3.158661130109817350e+02
-3.173912221005227821e+02
-3.188554916262603456e+02
-3.203231186665304904e+02
-3.217941032739918228e+02
-3.232684455063636619e+02
-3.247461454258200320e+02
-3.262272030983663171e+02
-3.274841862700607749e+02
-3.283365678824166025e+02
-3.291900535328667843e+02
-3.300446432353624573e+02
-3.309003370039883407e+02
-3.317571348529235706e+02
-3.326150367964019665e+02
-3.341697056536442005e+02
-3.357279873937483217e+02
-3.372898820996577456e+02
-3.388553898525562431e+02
-3.404245107311636502e+02
-3.419972448110450500e+02
-3.444276086045242664e+02
-3.468665509389424528e+02
-3.493140720253321092e+02
-3.517701720407198422e+02
-3.542348511244173892e+02
-3.562360389715628344e+02
-3.582428472750123092e+02
-3.602552760470352382e+02
-3.622733252801986623e+02
-3.642969949472513349e+02
-3.663262850012005174e+02
-3.682479207327575068e+02
-3.701745691804313765e+02
-3.721062302575542162e+02
-3.740429038631327785e+02
-3.759845898825283825e+02
-3.779312881882270858e+02
-3.798681972491772285e+02
-3.818100426717140294e+02
-3.837568242988799057e+02
-3.857085419650036897e+02
-3.876651954968040172e+02
-3.896267847145296628e+02
-3.916176037826284073e+02
-3.936134806978311644e+02
-3.956144152608424065e+02
-3.976204072706115653e+02
-3.996314565255937623e+02
-4.016475628249840497e+02
-4.039009136977305729e+02
-4.061605479202569313e+02
-4.084264652283824830e+02
-4.106986653663701077e+02
-4.123071716165496809e+02
-4.139188113878986996e+02
-4.155335846003703750e+02
-4.160629157495198456e+02
-4.165925827301592790e+02
-4.171225855397165674e+02
-4.176529241756609849e+02
-4.181835986355035288e+02
-4.187146089167980563e+02
-4.199119249540406145e+02
-4.211109447867132189e+02
-4.223116683893142635e+02
-4.235140957375088533e+02
-4.247182268081489838e+02
-4.259240615792871836e+02
-4.274527978396391177e+02
-4.289842635937644104e+02
-4.305184588055229256e+02
-4.320553834418849419e+02
-4.335950374729043233e+02
-4.351374208716724752e+02
-4.368350567178205779e+02
-4.385359867469158530e+02
-4.402402109354814002e+02
-4.416139733893361381e+02
-4.429898688706144299e+02
-4.443678973722926457e+02
-4.453674448743660719e+02
-4.463681116217520639e+02
-4.473698976131298082e+02
-4.483728028475249516e+02
-4.490655662647061490e+02
-4.497588627164357149e+02
-4.501197481405499161e+02
-4.504807778255379844e+02
-4.508419517714022504e+02
-4.512032699781489100e+02
-4.515647324457884793e+02
-4.526569550241665638e+02
-4.537504926710591917e+02
-4.548453453873826220e+02
-4.559415131743256211e+02
-4.570389960333152430e+02
-4.581377939659846561e+02
-4.598573889469564051e+02
-4.615801949066651559e+02
-4.633062118532356521e+02
-4.650354397950640077e+02
-4.667678787405168350e+02
-4.685035286976356019e+02
-4.711063706658839010e+02
-4.737164007021309544e+02
-4.763336188207366604e+02
-4.789580250277361984e+02
-4.815896193190676513e+02
-4.842284016789212728e+02
-4.867612405837724623e+02
-4.893006667291791700e+02
-4.918466800643978445e+02
-4.943992805250568949e+02
-4.969584680326393027e+02
-4.995242424941487798e+02
-5.018838978106471700e+02
-5.042490967698759619e+02
-5.066198392676075173e+02
-5.089961251895156238e+02
-5.113779544114719897e+02
-5.137653267999355648e+02
-5.161116724300389933e+02
-5.184633475299806378e+02
-5.208203519502947074e+02
-5.231826855348676872e+02
-5.255503481215912416e+02
-5.279233395430542259e+02
-5.303618998199586940e+02
-5.328060616092841428e+02
-5.352558247181134448e+02
-5.377111889510516676e+02
-5.401721541111131728e+02
-5.426387200005989371e+02
-5.454812549666867199e+02
-5.483311914507488609e+02
-5.511885291577084445e+02
-5.540532677973985756e+02
-5.569254070859767580e+02
-5.592035010509777067e+02
-5.614862291774159075e+02
-5.637735913359961160e+02
-5.660655874014380515e+02
-5.683622172527191196e+02
-5.706634807732749550e+02
-5.723680202875076475e+02
-5.740750929977964461e+02
-5.757846988619478452e+02
-5.774968378391937449e+02
-5.792115098901928150e+02
-5.809287149770239012e+02
-5.827667066109048619e+02
-5.846075912362515510e+02
-5.864513688120435972e+02
-5.882980392989325082e+02
-5.901476026592040398e+02
-5.919990853433256461e+02
-5.938534577927439386e+02
-5.957107199742977173e+02
-5.975708718561980959e+02
-5.994339134079280029e+02
-6.012998446001037109e+02
-6.034173259291447948e+02
-6.055385161953004172e+02
-6.076634153599995898e+02
-6.097920233857437324e+02
-6.119243402358598587e+02
-6.140603658742511470e+02
-6.167640109165777176e+02
-6.194735743552824943e+02
-6.221890561179553742e+02
-6.249104561309421797e+02
-6.276377743185898908e+02
-6.303710106025274627e+02
-6.338144761547431472e+02
-6.372672889951071511e+02
-6.407294489402023601e+02
-6.442009557931858126e+02
-6.476818093423802338e+02
-6.511720093600928294e+02
-6.540693494713533482e+02
-6.569730987417943879e+02
-6.598832570151673735e+02
-6.627998241267998765e+02
-6.657227999036617803e+02
-6.686521841645288760e+02
-6.717550826306541012e+02
-6.748651385567653733e+02
-6.773681086869323735e+02
-6.798756952524248618e+02
-6.823878981204391039e+02
-6.849047171553753515e+02
-6.874261522189084417e+02
-6.900069794412802366e+02
-6.925926245647884798e+02
-6.951830874343398818e+02
-6.977783678932904650e+02
-7.003784657837154555e+02
-7.029833809465902732e+02
-7.060291748256405526e+02
-7.090815278200294642e+02
-7.121404396754426216e+02
-7.152059101384871838e+02
-7.182779389572924629e+02
-7.213565258821155339e+02
-7.245497538157693498e+02
-7.277500063529718091e+02
-7.309572832281048704e+02
-7.341715841804489173e+02
-7.373929089545854367e+02
-7.406212573007305764e+02
-7.432940259728504770e+02
-7.459715894279921713e+02
-7.486539475345068695e+02
-7.513411001635655566e+02
-7.540330471891284105e+02
-7.567297884878872765e+02
-7.595837814827941656e+02
-7.624431243275305405e+02
-7.647587881029835444e+02
-7.670779486883881191e+02
-7.694006060140756063e+02
-7.717267600114696506e+02
-7.740564106129095308e+02
-7.765682441347084932e+02
-7.790841297263605156e+02
-7.816040673059054598e+02
-7.841280567920407520e+02
-7.866560981039151557e+02
-7.891881911608744531e+02
-7.924290740448129782e+02
-7.956765700795564271e+02
-7.989306790954774442e+02
-8.021914009213838881e+02
-8.054587353838766148e+02
-8.087326823067477335e+02
-8.126520814237799186e+02
-8.165809148443970571e+02
-8.205191822466100575e+02
-8.244668832986893676e+02
-8.284240176583305129e+02
-8.323905849719908474e+02
-8.358267109182261265e+02
-8.392698838132808987e+02
-8.427201034073789288e+02
-8.461773694439889368e+02
-8.496416816599195272e+02
-8.531130397854932426e+02
-8.564969938439461430e+02
-8.598876162150727396e+02
-8.632849066342697597e+02
-8.666888648322050130e+02
-8.700994905352049500e+02
-8.735167834656720061e+02
-8.771616105674220307e+02
-8.808139911876613724e+02
-8.844739249804620158e+02
-8.881414115973780099e+02
-8.918164506881319085e+02
-8.954990419012935945e+02
-9.006625444871261834e+02
-9.058408200710791789e+02
-9.098977388831441431e+02
-9.139636783198793637e+02
-9.180386379301745592e+02
-9.221226172668181107e+02
-9.262156158870445779e+02
-9.303176333530493594e+02
-9.334095882255387551e+02
-9.365066471417932235e+02
-9.396088099214715612e+02
-9.427160763859966437e+02
-9.458284463585458752e+02
-9.489459196640096934e+02
-9.523618667468629155e+02
-9.557839197714116608e+02
-9.592120785149277253e+02
-9.626463427563903679e+02
-9.654133463503666235e+02
-9.681843004526804179e+02
-9.709592049502774671e+02
-9.737380597305678975e+02
-9.765208646812372990e+02
-9.799902796251744803e+02
-9.834658145829579325e+02
-9.869474693381852148e+02
-9.904352436741180554e+02
-9.939291373732888815e+02
-9.974291502170742660e+02
-1.002736240920718160e+03
-1.008057337782939612e+03
-1.013392440022050664e+03
-1.017704991823069463e+03
-1.022026650641764604e+03
-1.026357416046987510e+03
-1.030697287600055461e+03
-1.035046264854545143e+03
-1.039404347356068229e+03
-1.043399140496474729e+03
-1.047401552869622037e+03
-1.051411584109664773e+03
-1.055429233845165754e+03
-1.059454501699265165e+03
-1.063487387289887238e+03
-1.067589143593378822e+03
-1.071698749318580212e+03
-1.075816204051123123e+03
-1.079941507372483102e+03
-1.084074658860422460e+03
-1.088215658089454109e+03
-1.092947197111928745e+03
-1.097688939152615603e+03
-1.102440883570098322e+03
-1.107203029721026496e+03
-1.111975376961031998e+03
-1.116757924645596859e+03
-1.121567651867942459e+03
-1.126387650563983925e+03
-1.131217920086455251e+03
-1.136058459790707730e+03
-1.140909269035156512e+03
-1.145770347181608486e+03
-1.149926418839052985e+03
-1.154089966624268982e+03
-1.158260990147058237e+03
-1.162439489019106986e+03
-1.166625462853883846e+03
-1.170818911266498844e+03
-1.175029867040026829e+03
-1.179248332335371288e+03
-1.183474306768567203e+03
-1.187707789956341003e+03
-1.191948781515794280e+03
-1.196197281064067511e+03
-1.201149486793322467e+03
-1.206111853677924501e+03
-1.211084381111224729e+03
-1.216067068483759840e+03
-1.221059915182464010e+03
-1.226062920589908117e+03
-1.231574974418399279e+03
-1.237099305410417173e+03
-1.242635912721467548e+03
-1.248184795496997822e+03
-1.253745952871714962e+03
-1.259319383969068895e+03
-1.264094976531251177e+03
-1.268879542444604567e+03
-1.273673081140790828e+03
-1.278475592045258509e+03
-1.283287074577390968e+03
-1.288107528150713733e+03
-1.292917311076593705e+03
-1.297735991111992689e+03
-1.302563567661900152e+03
-1.307400040126806289e+03
-1.312245407903119485e+03
-1.317099670383604689e+03
-1.322801228844900834e+03
-1.328515007567194971e+03
-1.334241005558410052e+03
-1.339979221823351736e+03
-1.345729655364693826e+03
-1.351492305183874578e+03
-1.357002743772944996e+03
-1.362524304804483108e+03
-1.368056987411398040e+03
-1.373600790727721915e+03
-1.379155713888893615e+03
-1.384721756031942959e+03
-1.389756059935192297e+03
-1.394799424040426857e+03
-1.399851847716355906e+03
-1.404913330332484520e+03
-1.409983871258827321e+03
-1.415011577033738831e+03
-1.420048155919985675e+03
-1.425093607306984268e+03
-1.430147930583860443e+03
-1.435211125138987200e+03
-1.440283190359460150e+03
-1.446063279696641530e+03
-1.451854844473016556e+03
-1.457657883776878634e+03
-1.463472396691767699e+03
-1.469298382295650754e+03
-1.475135839660220199e+03
-1.481194442512482283e+03
-1.487265351440898939e+03
-1.493348565389007263e+03
-1.499444083290928802e+03
-1.505551904071038734e+03
-1.511672026643782601e+03
-1.517585007722059345e+03
-1.523509424743442196e+03
-1.529445276709119753e+03
-1.535392562611724088e+03
-1.540136268981555986e+03
-1.544887223479797967e+03
-1.549645425587427553e+03
-1.554410874782908195e+03
-1.559183570542166990e+03
-1.564376460366935135e+03
-1.569577900510224481e+03
-1.574787890291310759e+03
-1.580006429027251670e+03
-1.585233516033091973e+03
-1.590469150622004008e+03
-1.599596459812579951e+03
-1.606429225698735763e+03
-1.613276408417352059e+03
-1.620138006451621550e+03
-1.627014018283527548e+03
-1.633904442394182070e+03
-1.640809277264228513e+03
-1.646232076559296729e+03
-1.651663729667684265e+03
-1.657104235857244930e+03
-1.662553594395646996e+03
-1.668011804549874796e+03
-1.673877030143602269e+03
-1.679752440673199999e+03
-1.685638035230372452e+03
-1.691533812905315472e+03
-1.697439772786097137e+03
-1.703355913958156862e+03
-1.710367752820138776e+03
-1.717393837066395690e+03
-1.724434165164760543e+03
-1.731488735574831253e+03
-1.738557546746989146e+03
-1.745640597121641804e+03
-1.752441491896297748e+03
-1.759255459667944251e+03
-1.766082499035643878e+03
-1.772922608588452476e+03
-1.779775786905296627e+03
-1.786642032554968864e+03
-1.794533541410286261e+03
-1.800679007947223909e+03
-1.806834855971434081e+03
-1.813001084441478042e+03
-1.819177692310416660e+03
-1.825364678526007765e+03
-1.831596778178547083e+03
-1.837839370596852632e+03
-1.844092454696231698e+03
-1.850356029388209436e+03
-1.856630093580831499e+03
-1.862914646178753628e+03
-1.872922533451580648e+03
-1.880726499829185514e+03
-1.888546487673514775e+03
-1.896382494892930254e+03
-1.904234519391797903e+03
-1.912102559070749976e+03
-1.919986611827045863e+03
-1.927334336521066007e+03
-1.934695911876927084e+03
-1.942071336194424021e+03
-1.949460607770460456e+03
-1.955235237591557279e+03
-1.961018294276858114e+03
-1.966809777013113489e+03
-1.972609684985261765e+03
-1.978418017375949375e+03
-1.985509805623646571e+03
-1.992614109656525443e+03
-1.999730927979971966e+03
-2.006860259093464492e+03
-2.014002101489713823e+03
-2.021156453654165034e+03
-2.029733397639037776e+03
-2.038328247316484749e+03
-2.046941000047762145e+03
-2.055571653176676136e+03
-2.064220204029066736e+03
-2.072886649912708890e+03
-2.082272933995813673e+03
-2.088826539881133158e+03
-2.095390292374089768e+03
-2.101964190297220284e+03
-2.108548232467799153e+03
-2.115142417697686142e+03
-2.122029125213186944e+03
-2.128926858322985936e+03
-2.135835615663803765e+03
-2.142755395867725838e+03
-2.149686197562366488e+03
-2.156628019371035862e+03
-2.168762290437427964e+03
-2.177860735516533623e+03
-2.186977929179114199e+03
-2.196113868328509398e+03
-2.205268549859867562e+03
-2.214441970660440802e+03
-2.223634127609806001e+03
-2.233253147942799842e+03
-2.240947171981829797e+03
-2.248654212066108357e+03
-2.256374266370828536e+03
-2.264107333066543106e+03
-2.271853410317729868e+03
-2.279462262226103121e+03
-2.287083622630605078e+03
-2.294717489783375640e+03
-2.302363861930713938e+03
-2.310022737312659046e+03
-2.317694114162305596e+03
-2.330890447196362857e+03
-2.339485132404403430e+03
-2.348095360077320038e+03
-2.356721127710663040e+03
-2.365362432786559566e+03
-2.374019272773947705e+03
-2.382691645128597884e+03
-2.393744365097084938e+03
-2.401268753624673082e+03
-2.408804736802220759e+03
-2.416352312954303216e+03
-2.423911480398499407e+03
-2.431482237445100509e+03
-2.439472274525611738e+03
-2.447475176095792904e+03
-2.455490940156244051e+03
-2.463519564700868614e+03
-2.471561047717118072e+03
-2.479615387186192038e+03
-2.491683109766441248e+03
-2.501406461234082599e+03
-2.511148384245367197e+03
-2.520908875247013839e+03
-2.530687930675545431e+03
-2.540485546957428141e+03
-2.550301720508840845e+03
-2.561285291839620641e+03
-2.569606530411923359e+03
-2.577940994572583804e+03
-2.586288682140010224e+03
-2.594649590926126621e+03
-2.603023718734878003e+03
-2.611749076732874983e+03
-2.620488734904995454e+03
-2.629242690753345869e+03
-2.638010941770939098e+03
-2.646793485441212397e+03
-2.655590319237487620e+03
-2.667023333551932865e+03
-2.678480386413140877e+03
-2.689961472223873443e+03
-2.699245076447822157e+03
-2.708544328326373488e+03
-2.717859224870229355e+03
-2.727189763076322834e+03
-2.736535939929390224e+03
-2.745897752401611342e+03
-2.755413572086207296e+03
-2.764945485514833308e+03
-2.774493489482073528e+03
-2.784057580771902849e+03
-2.793637756155746501e+03
-2.803234012390883890e+03
-2.817533325394941130e+03
-2.831868177701078366e+03
-2.842591500526543769e+03
-2.853334614605045317e+03
-2.864097515391373236e+03
-2.874880198312695939e+03
-2.885682658858534523e+03
-2.896504892509329693e+03
-2.907635886119901897e+03
-2.918787710138229613e+03
-2.927373549418311995e+03
-2.935971690085139016e+03
-2.944582129864979379e+03
-2.953204866473094626e+03
-2.961839897616744565e+03
-2.972645200068460781e+03
-2.983469684156582389e+03
-2.994313345365559599e+03
-3.005176179159319872e+03
-3.016058180981396163e+03
-3.026959346255377568e+03
-3.038042239878316650e+03
-3.049144861691109782e+03
-3.060267206843628173e+03
-3.071409270463045232e+03
-3.082571047654111680e+03
-3.093752533499343826e+03
-3.104440543927807539e+03
-3.115146491123701253e+03
-3.125870370759429989e+03
-3.136612178490377119e+03
-3.147371909955367300e+03
-3.158149560777129864e+03
-3.175359562051821740e+03
-3.188941730430293774e+03
-3.202552074991542213e+03
-3.216190586947097017e+03
-3.229857257473936443e+03
-3.240829711845591646e+03
-3.251820239468686850e+03
-3.262828835754780357e+03
-3.273855496100966320e+03
-3.284900215889593710e+03
-3.295962990487916613e+03
-3.306415712433363751e+03
-3.316884493800841938e+03
-3.327369330661973891e+03
-3.337870219074966826e+03
-3.348387155084231836e+03
-3.358920134720017359e+03
-3.372915240057913252e+03
-3.386938552835119026e+03
-3.400990063667716640e+03
-3.415069763123930443e+03
-3.429177641723583292e+03
-3.443313689937809613e+03
-3.456407551454604345e+03
-3.469525473882505594e+03
-3.479919611948299462e+03
-3.490328798274997098e+03
-3.500753029052183592e+03
-3.511192300456772045e+03
-3.521646608653031763e+03
-3.535027687710565260e+03
-3.548433306607900704e+03
-3.561863457253190518e+03
-3.575318131523904412e+03
-3.588797321267210009e+03
-3.602301018299923726e+03
-3.614917439218759228e+03
-3.627555164028422496e+03
-3.640214186019439239e+03
-3.652894498459453189e+03
-3.665596094592802729e+03
-3.678318967640065694e+03
-3.691075179965581356e+03
-3.703852695826097261e+03
-3.716651508348272273e+03
-3.729471610632573629e+03
-3.742312995752630741e+03
-3.755175656754620377e+03
-3.770284391926935314e+03
-3.785422356031281652e+03
-3.800589537708357966e+03
-3.815785925543410031e+03
-3.831011508065865655e+03
-3.846266273749248739e+03
-3.861264550163552030e+03
-3.873053425800705554e+03
-3.884859587482489133e+03
-3.896683029854403685e+03
-3.908523747543360514e+03
-3.920381735157818639e+03
-3.935347468494877830e+03
-3.950340600436091790e+03
-3.965361120074453538e+03
-3.980409016459887425e+03
-3.995484278599569734e+03
-4.010586895457809533e+03
-4.024411133250313469e+03
-4.038258193867605769e+03
-4.052128068796032039e+03
-4.066020749491760853e+03
-4.079936227380268065e+03
-4.093874493855823857e+03
-4.108224612845792763e+03
-4.122598788652395342e+03
-4.136997011823827961e+03
-4.151419272870629356e+03
-4.165865562264926666e+03
-4.180335870439797873e+03
-4.195785694281953511e+03
-4.211262782484935997e+03
-4.226767123313749835e+03
-4.242298704980848925e+03
-4.257857515646043794e+03
-4.273443543416615285e+03
-4.287692519815796913e+03
-4.301964149136349079e+03
-4.316258422223486377e+03
-4.330575329887198677e+03
-4.344914862902668574e+03
-4.359277012010724320e+03
-4.382343826530136539e+03
-4.399852517901098508e+03
-4.417394483298432533e+03
-4.434969705865647484e+03
-4.452578168674771405e+03
-4.470219854726127778e+03
-4.487894746947862586e+03
-4.500694204416228786e+03
-4.513511003807246198e+03
-4.526345138597517689e+03
-4.539196602242872359e+03
-4.552065388177582463e+03
-4.568388720241317969e+03
-4.584739814195281724e+03
-4.601118656550155720e+03
-4.617525233759783077e+03
-4.633959532219854736e+03
-4.650421538266931748e+03
-4.666340378788319867e+03
-4.682285017988081563e+03
-4.698255443415034279e+03
-4.714251642566512601e+03
-4.730273602888504684e+03
-4.746321311776021503e+03
-4.763012790862067959e+03
-4.779732007097212772e+03
-4.796478946195864410e+03
-4.813253593815280510e+03
-4.830055935556075383e+03
-4.846885956962624732e+03
-4.863943335545276568e+03
-4.881029022952032392e+03
-4.898143004033015131e+03
-4.915285263579498860e+03
-4.932455786323507709e+03
-4.949654556937245616e+03
-4.966207716354757395e+03
-4.982786930754776222e+03
-4.999392186377410326e+03
-5.016023469409033169e+03
-5.032680765981540389e+03
-5.049364062171654950e+03
-5.069017404885576980e+03
-5.088706664244339663e+03
-5.108431817302081072e+03
-5.128192841003481590e+03
-5.147989712183409210e+03
-5.167822407566904985e+03
-5.184975760071079094e+03
-5.202155788640797255e+03
-5.219362478097664280e+03
-5.236595813203068246e+03
-5.253855778658267809e+03
-5.277931545847085545e+03
-5.302058866219927950e+03
-5.320299343568704899e+03
-5.338569134161380134e+03
-5.356868219857454278e+03
-5.375196582444526939e+03
-5.393554203638162107e+03
-5.411941065081749002e+03
-5.427817705874897911e+03
-5.443716058067475387e+03
-5.459636109761633634e+03
-5.475577849017809058e+03
-5.491541263854351200e+03
-5.507526342247094362e+03
-5.530635236162600449e+03
-5.553789194055758344e+03
-5.572450748086747808e+03
-5.591141430280377790e+03
-5.609861221390519859e+03
-5.628610102090455257e+03
-5.647388052972892183e+03
-5.666195054550152236e+03
-5.683265112308079551e+03
-5.700359001561490913e+03
-5.717476707633000842e+03
-5.734618215791773764e+03
-5.751783511253736833e+03
-5.768972579181754554e+03
-5.790175639439944462e+03
-5.811414709388274787e+03
-5.832689760976491925e+03
-5.854000766032197134e+03
-5.875347696260208977e+03
-5.896730523241619267e+03
-5.916061572954968142e+03
-5.935421823283761114e+03
-5.954811253065589881e+03
-5.974229841052578195e+03
-5.993677565910517842e+03
-6.013154406218033728e+03
-6.036062853405906935e+03
-6.059011384365439881e+03
-6.081999963941827446e+03
-6.105028556809898873e+03
-6.128097127473669389e+03
-6.151205640266202863e+03
-6.171324351998528982e+03
-6.191473190758470992e+03
-6.211652132808878378e+03
-6.231861154315788554e+03
-6.252100231348659690e+03
-6.272369339880581720e+03
-6.295559872005997022e+03
-6.318789524518006147e+03
-6.342058261140102331e+03
-6.365366045430737358e+03
-6.388712840782315652e+03
-6.412098610419885517e+03
-6.433173313641630557e+03
-6.454279511799046304e+03
-6.475417177751443887e+03
-6.496586284244253875e+03
-6.517786803908014008e+03
-6.539018709257436967e+03
-6.562250813677665064e+03
-6.585520310884491664e+03
-6.608827164555990748e+03
-6.632171338201627805e+03
-6.655552795161956965e+03
-6.678971498608481852e+03
-6.701142022722374350e+03
-6.723345761394624787e+03
-6.745582683105600154e+03
-6.767852756201175907e+03
-6.790155948892825108e+03
-6.812492229257560211e+03
-6.835828528501696383e+03
-6.859200764084631373e+03
-6.882608899295570154e+03
-6.906052897262304214e+03
-6.929532720950131989e+03
-6.953048333160569200e+03
-6.976509498201973656e+03
-7.000006104188453719e+03
-7.023538113853691357e+03
-7.047105489764400772e+03
-7.070708194319008726e+03
-7.094346189746494019e+03
-7.117891568397440096e+03
-7.141471782956726202e+03
-7.165086795757779328e+03
-7.188736568965477090e+03
-7.212421064575905802e+03
-7.236140244416244968e+03
-7.261335566616010510e+03
-7.286569817848482671e+03
-7.311842951943757726e+03
-7.337154922517790510e+03
-7.362505682972009708e+03
-7.387895186492668472e+03
-7.412921856457742251e+03
-7.437985965889158251e+03
-7.463087469539083031e+03
-7.488226321952304716e+03
-7.513402477464788717e+03
-7.538850184237716348e+03
-7.564335795969356695e+03
-7.589859265054879870e+03
-7.615420543667099082e+03
-7.641019583754775340e+03
-7.666656337040531980e+03
-7.693130806643976939e+03
-7.719645269626370464e+03
-7.746199672297707366e+03
-7.772793960707726001e+03
-7.799428080645738191e+03
-7.826313342527360874e+03
-7.853238957831758853e+03
-7.880204870245897837e+03
-7.907211023187669525e+03
-7.934257359804748376e+03
-7.961343822972603448e+03
-7.991998727499688357e+03
-8.022704709696631653e+03
-8.046828101583483658e+03
-8.070982833642653532e+03
-8.095168865103088137e+03
-8.119386155019834405e+03
-8.143634662271716479e+03
-8.177156642470920815e+03
-8.210737912906164638e+03
-8.236814606050793373e+03
-8.262926821597657181e+03
-8.289074507850325972e+03
-8.315257612871871970e+03
-8.341476084484187595e+03
-8.367729870268058221e+03
-8.393584031578528084e+03
-8.419472247859428535e+03
-8.445394468562755719e+03
-8.471350642912277181e+03
-8.497340719902875207e+03
-8.523364648299606415e+03
-8.554623968539193811e+03
-8.585931827879008779e+03
-8.617288136581171784e+03
-8.642110871327411587e+03
-8.666963783708550181e+03
-8.691846828734180235e+03
-8.716759961220037439e+03
-8.741703135785412087e+03
-8.774619205681070525e+03
-8.807587263023147898e+03
-8.840607202369224979e+03
-8.873678917670818919e+03
-8.906802302269414213e+03
-8.939977248892184434e+03
-8.970155369306590728e+03
-9.000375860576015839e+03
-9.030638640981433127e+03
-9.060943628379049187e+03
-9.091290740198035564e+03
-9.121679893438200452e+03
-9.155359396541103706e+03
-9.189090172151647494e+03
-9.222872105914841086e+03
-9.249159094265653039e+03
-9.275476852047833745e+03
-9.301825324760064177e+03
-9.328204457654997896e+03
-9.354614195736210604e+03
-9.387965471077108305e+03
-9.421365227800806679e+03
-9.454813353859944982e+03
-9.488309736562006947e+03
-9.521854262564933379e+03
-9.555446817872249085e+03
-9.589006314835827652e+03
-9.622613381743454738e+03
-9.656267903453055624e+03
-9.689969764160907289e+03
-9.723718847396999990e+03
-9.757515036020209664e+03
-9.795674544248597158e+03
-9.826078649338036485e+03
-9.856520371283548229e+03
-9.886999623563164278e+03
-9.917516319202810337e+03
-9.948070370772344177e+03
-9.984196999590698397e+03
-1.002037544647948380e+04
-1.005660556498966434e+04
-1.009288720775840193e+04
-1.012922022650231520e+04
-1.016560447200975432e+04
-1.020018397586032552e+04
-1.023480935983806739e+04
-1.026948049402563447e+04
-1.030419724773277449e+04
-1.033895948949040576e+04
-1.037376708704447265e+04
-1.041546580711601928e+04
-1.044859271508908023e+04
-1.048176009489626813e+04
-1.051496783066204807e+04
-1.054821580584599724e+04
-1.058150390323653119e+04
-1.061857862909948199e+04
-1.065570268918598958e+04
-1.069287591919250190e+04
-1.073009815375303879e+04
-1.076736922643043545e+04
-1.080468896970627429e+04
-1.084220990547674774e+04
-1.087977956835870827e+04
-1.091739778543077227e+04
-1.095506438263759992e+04
-1.099277918477941603e+04
-1.103054201550121434e+04
-1.107747663478866889e+04
-1.111168758185014667e+04
-1.114593727095273971e+04
-1.118022556847448868e+04
-1.121455233998601216e+04
-1.124891745024164447e+04
-1.128951791441640307e+04
-1.133017134821420586e+04
-1.137087752493298649e+04
-1.141163621622730352e+04
-1.145244719209199866e+04
-1.149331022084405049e+04
-1.153889560023409467e+04
-1.158454497052419720e+04
-1.163025800384678951e+04
-1.166669704438786175e+04
-1.170317605901019670e+04
-1.173969487856189517e+04
-1.177625333277109348e+04
-1.181285125023434921e+04
-1.184948845840465947e+04
-1.190621776033891001e+04
-1.194835248718453659e+04
-1.199053804083207069e+04
-1.203277415252910578e+04
-1.207506055142272453e+04
-1.211739696453571923e+04
-1.215978311674251017e+04
-1.220647237627492177e+04
-1.225322113109621023e+04
-1.230002900560839043e+04
-1.234689562090618710e+04
-1.239382059473047593e+04
-1.244080354141984208e+04
-1.248115922316625438e+04
-1.252155704489482741e+04
-1.256199675688369825e+04
-1.260247810746426512e+04
-1.264300084299674745e+04
-1.268356470784555131e+04
-1.273989638194540566e+04
-1.278045728246872932e+04
-1.282105823413168036e+04
-1.286169897419837071e+04
-1.290237923782528924e+04
-1.294309875803190698e+04
-1.298719886423385287e+04
-1.303134426533501755e+04
-1.307553461449335737e+04
-1.311976956176849671e+04
-1.316404875407428335e+04
-1.320837183512711272e+04
-1.326525431240598118e+04
-1.331127097205276732e+04
-1.335733343294233600e+04
-1.340344128298555552e+04
-1.344959410609502447e+04
-1.349579148212020300e+04
-1.354203298678170358e+04
-1.360613277589322024e+04
-1.365477178722758617e+04
-1.370345776122657298e+04
-1.375219018518950361e+04
-1.380096854091450405e+04
-1.384979230459355495e+04
-1.389866094670422899e+04
-1.397398625834923223e+04
-1.402459903201069756e+04
-1.407525765244416471e+04
-1.412596150485253929e+04
-1.417670996716722220e+04
-1.422750240989572012e+04
-1.427833819596315516e+04
-1.433776050115114595e+04
-1.438578707417380429e+04
-1.443385038779977185e+04
-1.448194988024879422e+04
-1.453008498302914086e+04
-1.457825512078830980e+04
-1.462645971115853899e+04
-1.468574475225386595e+04
-1.474507982355181775e+04
-1.479273813143424559e+04
-1.484042735177444774e+04
-1.488814688634209233e+04
-1.493589612919891442e+04
-1.498367446651155296e+04
-1.503148127635624951e+04
-1.508483088173302895e+04
-1.513821423029772996e+04
-1.519163042180284174e+04
-1.524507854205572585e+04
-1.529855766249709632e+04
-1.535206683975970191e+04
-1.540611226640608220e+04
-1.546018634253121309e+04
-1.551428804882506120e+04
-1.556841634852432981e+04
-1.562257018682243506e+04
-1.567674849024724972e+04
-1.574516819632083025e+04
-1.579521180583726527e+04
-1.584527322588081734e+04
-1.589535154615316969e+04
-1.594544584006582045e+04
-1.599555516415054080e+04
-1.604567855743423934e+04
-1.611382344413441024e+04
-1.618198999410610850e+04
-1.625017562487030045e+04
-1.631837768222958221e+04
-1.638659343611211443e+04
-1.643433775161328595e+04
-1.648208641229343630e+04
-1.652983840894429886e+04
-1.657759271000227818e+04
-1.662534826051793425e+04
-1.667310398103994157e+04
-1.671512585790259618e+04
-1.675714624081067086e+04
-1.679916434257784204e+04
-1.684117935829880662e+04
-1.688319046450447422e+04
-1.692519681824994404e+04
-1.696116049172926068e+04
-1.699711949365930195e+04
-1.703307325742734247e+04
-1.706902120376477615e+04
-1.710496274014461233e+04
-1.714089726013227482e+04
-1.717088135978839273e+04
-1.720085977101713434e+04
-1.723083211687843504e+04
-1.726079801230105659e+04
-1.729075706370889020e+04
-1.732070886861943291e+04
-1.734584783061828057e+04
-1.737098114640151471e+04
-1.739610856192000938e+04
-1.742122981782969146e+04
-1.744634464925784414e+04
-1.747145278555266123e+04
-1.749255622230839435e+04
-1.751365456358642768e+04
-1.753474763822495515e+04
-1.755583527163570761e+04
-1.757691728566062011e+04
-1.759799349841927324e+04
-1.761570668640321674e+04
-1.763341553085192936e+04
-1.765111991709192080e+04
-1.766881972826773926e+04
-1.768651484525738488e+04
-1.770420514658313550e+04
-1.771905784991847395e+04
-1.773390699470160689e+04
-1.774875250483534910e+04
-1.776359430286791030e+04
-1.777843230994612532e+04
-1.779326644576673061e+04
-1.780693442980169857e+04
-1.782059899096249865e+04
-1.783426006289101497e+04
-1.784791757803837027e+04
-1.786157146762802950e+04
-1.787522166161824134e+04
-1.788552167964205364e+04
-1.789581952067171005e+04
-1.790611515308460002e+04
-1.791640854480739290e+04
-1.792669966330706302e+04
-1.793698847558247871e+04
-1.794538174368470209e+04
-1.795377343571892197e+04
-1.796216353304960649e+04
-1.797055201682668121e+04
-1.797893886798461608e+04
-1.798732406724243992e+04
-1.799426473557197824e+04
-1.800120424718522918e+04
-1.800814259081274577e+04
-1.801507975509012613e+04
-1.802201572856036364e+04
-1.802895049967707746e+04
-1.803466973625577521e+04
-1.804038814029729838e+04
-1.804610570519890825e+04
-1.805182242432756175e+04
-1.805753829102318559e+04
-1.806325329860273632e+04
-1.806795119798412270e+04
-1.807264850841407315e+04
-1.807734522615977403e+04
-1.808204134748927027e+04
-1.808673686867461220e+04
-1.809143178599561361e+04
-1.809528305550301229e+04
-1.809913391403758214e+04
-1.810298435957067704e+04
-1.810683439008684218e+04
-1.811068400358643339e+04
-1.811453319808860397e+04
-1.811768626016567578e+04
-1.812083903865865432e+04
-1.812399153251752796e+04
-1.812714374070829217e+04
-1.813029566221486675e+04
-1.813344729604134773e+04
-1.813602652919249158e+04
-1.813860556846574036e+04
-1.814118441335326133e+04
-1.814376306336173002e+04
-1.814634151801377811e+04
-1.814891977684951416e+04
-1.815102848365160025e+04
-1.815313705892270809e+04
-1.815524550244288912e+04
-1.815735381400387996e+04
-1.815946199341004831e+04
-1.816157004047945156e+04
-1.816329349113762510e+04
-1.816501685313636335e+04
-1.816674012640043657e+04
-1.816846331086334249e+04
-1.817018640646796484e+04
-1.817190941316725002e+04
-1.817331771133861912e+04
-1.817472595007194832e+04
-1.817613412935906308e+04
-1.817754224919801345e+04
-1.817895030959355790e+04
-1.818035831055750896e+04
-1.818150894647708992e+04
-1.818265954273053649e+04
-1.818381009933651876e+04
-1.818496061631803968e+04
-1.818611109370268605e+04
-1.818726153152289407e+04
-1.818820157892988209e+04
-1.818914159996684612e+04
-1.819008159465979043e+04
-1.819102156303765150e+04
-1.819196150513242901e+04
-1.819290142097939315e+04
-1.819366938841345109e+04
-1.819443733837267428e+04
-1.819520527088182644e+04
-1.819597318596763580e+04
-1.819674108365882421e+04
-1.819750896398631812e+04
-1.819813633540700175e+04
-1.819876369527801944e+04
-1.819939104361987484e+04
-1.820001838045428303e+04
-1.820064570580432701e+04
-1.820127301969449400e+04
-1.820178552710123404e+04
-1.820229802689083954e+04
-1.820281051907901201e+04
-1.820332300368225697e+04
-1.820383548071798941e+04
-1.820434795020446472e+04
-1.820476662017500348e+04
-1.820518528513058118e+04
-1.820560394508270474e+04
-1.820602260004336858e+04
-1.820644125002512737e+04
-1.820685989504113604e+04
-1.820720190706734502e+04
-1.820754391579627554e+04
-1.820788592123604394e+04
-1.820822792339511579e+04
-1.820856992228231684e+04
-1.820891191790682569e+04
-1.820919130722928458e+04
-1.820947069438601829e+04
-1.820975007938264389e+04
-1.821002946222499668e+04
-1.821030884291911934e+04
-1.821058822147132014e+04
-1.821081645405430027e+04
-1.821104468521582749e+04
-1.821127291495972895e+04
-1.821150114328994459e+04
-1.821172937021056714e+04
-1.821195759572583484e+04
-1.821214403835824487e+04
-1.821233048005818273e+04
-1.821251692082816953e+04
-1.821270336067085736e+04
-1.821288979958897471e+04
-1.821307623758533373e+04
-1.821322854207592900e+04
-1.821338084595497276e+04
-1.821353314922414575e+04
-1.821368545188518692e+04
-1.821383775393991164e+04
-1.821399005539017890e+04
-1.821411447251826030e+04
-1.821423888924530911e+04
-1.821436330557243127e+04
-1.821448772150076911e+04
-1.821461213703149406e+04
-1.821473655216582847e+04
-1.821483818818537111e+04
-1.821493982394193517e+04
-1.821504145943620824e+04
-1.821514309466895065e+04
-1.821524472964093002e+04
-1.821534636435293214e+04
-1.821542939055839815e+04
-1.821551241659135849e+04
-1.821559544245228972e+04
-1.821567846814166478e+04
-1.821576149365998936e+04
-1.821584451900776185e+04
-1.821591234290983266e+04
-1.821598016669872959e+04
-1.821604799037475095e+04
-1.821611581393821325e+04
-1.821618363738942571e+04
-1.821625146072871576e+04
-1.821630686591031554e+04
-1.821636227101762779e+04
-1.821641767605087080e+04
-1.821647308101022281e+04
-1.821652848589588029e+04
-1.821658389070807607e+04
-1.821662915106834043e+04
-1.821667441137983769e+04
-1.821671967164268790e+04
-1.821676493185702566e+04
-1.821681019202296011e+04
-1.821685545214064769e+04
-1.821689242522383211e+04
-1.821692939827499140e+04
-1.821696637129419105e+04
-1.821700334428150018e+04
-1.821704031723703156e+04
-1.821707729016083977e+04
-1.821710749338647292e+04
-1.821713769659104946e+04
-1.821716789977461667e+04
-1.821719810293723640e+04
-1.821722830607894866e+04
-1.821725850919980803e+04
-1.821728318214205501e+04
-1.821730785507046676e+04
-1.821733252798505418e+04
-1.821735720088586095e+04
-1.821738187377291979e+04
-1.821740654664625981e+04
-1.821742670191123034e+04
-1.821744685716709137e+04
-1.821746701241387200e+04
-1.821748716765157587e+04
-1.821750732288023210e+04
-1.821752747809986249e+04
-1.821754394289052652e+04
-1.821756040767518789e+04
-1.821757687245386842e+04
-1.821759333722657902e+04
-1.821760980199332698e+04
-1.821762626675413048e+04
-1.821763971680383474e+04
-1.821765316684958452e+04
-1.821766661689140528e+04
-1.821768006692928611e+04
-1.821769351696322701e+04
-1.821770696699326800e+04
-1.821771795430557904e+04
-1.821772894161528529e+04
-1.821773992892239039e+04
-1.821775091622690888e+04
-1.821776190352883714e+04
-1.821777289082816787e+04
-1.821778186633494624e+04
-1.821779084183999657e+04
-1.821779981734334069e+04
-1.821780879284497132e+04
-1.821781776834489574e+04
-1.821782674384311031e+04
-1.821783407591392461e+04
-1.821784140798361477e+04
-1.821784874005217716e+04
-1.821785607211959359e+04
-1.821786340418588952e+04
-1.821787073625106132e+04
-1.821787672580227081e+04
-1.821788271535273088e+04
-1.821788870490244517e+04
-1.821789469445141367e+04
-1.821790068399963639e+04
-1.821790667354711331e+04
-1.821791156639211840e+04
-1.821791645923661781e+04
-1.821792135208062609e+04
-1.821792624492414325e+04
-1.821793113776716928e+04
-1.821793603060970418e+04
-1.821794002756259943e+04
-1.821794402451516726e+04
-1.821794802146740767e+04
-1.821795201841932430e+04
-1.821795601537091352e+04
-1.821796001232218623e+04
-1.821796327742249559e+04
-1.821796654252259032e+04
-1.821796980762247767e+04
-1.821797307272214675e+04
-1.821797633782160483e+04
-1.821797960292084099e+04
-1.821798227017588943e+04
-1.821798493743079234e+04
-1.821798760468556065e+04
-1.821799027194018345e+04
-1.821799293919465708e+04
-1.821799560644899611e+04
-1.821799778532356140e+04
-1.821799996419803938e+04
-1.821800214307241549e+04
-1.821800432194670066e+04
-1.821800650082089123e+04
-1.821800867969498722e+04
-1.821801045960621559e+04
-1.821801223951738211e+04
-1.821801401942847588e+04
-1.821801579933951871e+04
-1.821801757925049606e+04
-1.821801935916141156e+04
-1.821802081316468684e+04
-1.821802226716792211e+04
-1.821802372117111008e+04
-1.821802517517426168e+04
-1.821802662917737325e+04
-1.821802808318043753e+04
-1.821802927095566338e+04
-1.821803045873086012e+04
-1.821803164650603867e+04
-1.821803283428117720e+04
-1.821803402205629754e+04
-1.821803520983138515e+04
-1.821803618012220250e+04
-1.821803715041300165e+04
-1.821803812070378262e+04
-1.821803909099454540e+04
-1.821804006128528999e+04
-1.821804103157601639e+04
-1.821804182420515644e+04
-1.821804261683428194e+04
-1.821804340946340017e+04
-1.821804420209251111e+04
-1.821804499472160751e+04
-1.821804578735068571e+04
-1.821804643484870394e+04
-1.821804708234671125e+04
-1.821804772984470765e+04
-1.821804837734269313e+04
-1.821804902484067497e+04
-1.821804967233864954e+04
-1.821805020127293028e+04
-1.821805073020720010e+04
-1.821805125914146993e+04
-1.821805178807573611e+04
-1.821805231700999138e+04
-1.821805284594424666e+04
-1.821805327803205364e+04
-1.821805371011986790e+04
-1.821805414220767489e+04
-1.821805457429547823e+04
-1.821805500638327794e+04
-1.821805543847107401e+04
-1.821805579144169315e+04
-1.821805614441230864e+04
-1.821805649738292777e+04
-1.821805685035353963e+04
-1.821805720332414785e+04
-1.821805755629475971e+04
-1.821805784463429154e+04
-1.821805813297381974e+04
-1.821805842131335521e+04
-1.821805870965288705e+04
-1.821805899799241161e+04
-1.821805928633193980e+04
-1.821805952187924777e+04
-1.821805975742655210e+04
-1.821805999297386006e+04
-1.821806022852116803e+04
-1.821806046406846872e+04
-1.821806069961577305e+04
-1.821806089203162992e+04
-1.821806108444748679e+04
-1.821806127686333639e+04
-1.821806146927918962e+04
-1.821806166169504286e+04
-1.821806185411089609e+04
-1.821806201129568217e+04
-1.821806216848047188e+04
-1.821806232566525432e+04
-1.821806248285003312e+04
-1.821806264003481556e+04
-1.821806279721959800e+04
-1.821806292561906957e+04
-1.821806305401854115e+04
-1.821806318241801273e+04
-1.821806331081748431e+04
-1.821806343921695589e+04
-1.821806356761642746e+04
-1.821806367250838230e+04
-1.821806377740033713e+04
-1.821806388229229196e+04
-1.821806398718424680e+04
-1.821806409207620163e+04
-1.821806419696815647e+04
-1.821806428265578870e+04
-1.821806436834342094e+04
-1.821806445403105317e+04
-1.821806453971868541e+04
-1.821806462540631765e+04
-1.821806471109394988e+04
-1.821806478108926967e+04
-1.821806485108458946e+04
-1.821806492107990925e+04
-1.821806499107522905e+04
-1.821806506107054884e+04
-1.821806513106586863e+04
-1.821806518824716841e+04
-1.821806524542846819e+04
-1.821806530260976797e+04
-1.821806535979106775e+04
-1.821806541697236753e+04
-1.821806547415366731e+04
-1.821806552086217198e+04
-1.821806556757067665e+04
-1.821806561427918132e+04
-1.821806566098768599e+04
-1.821806570769619066e+04
-1.821806575440469533e+04
-1.821806579256145415e+04
-1.821806583071821296e+04
-1.821806586887497906e+04
-1.821806590703174152e+04
-1.821806594518850397e+04
-1.821806598334525916e+04
-1.821806601451683673e+04
-1.821806604568841067e+04
-1.821806607685998824e+04
-1.821806610803156946e+04
-1.821806613920314703e+04
-1.821806617037472461e+04
-1.821806619584137297e+04
-1.821806622130802134e+04
-1.821806624677466971e+04
-1.821806627224131807e+04
-1.821806629770796644e+04
-1.821806632317461481e+04
-1.821806634397544258e+04
-1.821806636477627035e+04
-1.821806638557709812e+04
-1.821806640637792589e+04
-1.821806642717875366e+04
-1.821806644797958143e+04
-1.821806646497245674e+04
-1.821806648196533570e+04
-1.821806649895820010e+04
-1.821806651595107178e+04
-1.821806653294394346e+04
-1.821806654993681514e+04
-1.821806656381517678e+04
-1.821806657769354206e+04
-1.821806659157190370e+04
-1.821806660545026170e+04
-1.821806661932862335e+04
-1.821806663320698499e+04
-1.821806664454246493e+04
-1.821806665587794851e+04
-1.821806666721342481e+04
-1.821806667854890475e+04
-1.821806668988438469e+04
-1.821806670121986463e+04
-1.821806671048036878e+04
-1.821806671974087294e+04
-1.821806672900137710e+04
-1.821806673826188126e+04
-1.821806674752238541e+04
-1.821806675678288957e+04
-1.821806676435178451e+04
-1.821806677192068310e+04
-1.821806677948957804e+04
-1.821806678705846934e+04
-1.821806679462736429e+04
-1.821806680219625923e+04
-1.821806680837518434e+04
-1.821806681455410580e+04
-1.821806682073303455e+04
-1.821806682691196693e+04
-1.821806683309089567e+04
-1.821806683926981714e+04
-1.821806684432283146e+04
-1.821806684937584214e+04
-1.821806685442886010e+04
-1.821806685948187442e+04
-1.821806686453488874e+04
-1.821806686958790306e+04
-1.821806687371689623e+04
-1.821806687784588939e+04
-1.821806688197488256e+04
-1.821806688610388301e+04
-1.821806689023287254e+04
-1.821806689436186571e+04
-1.821806689773227845e+04
-1.821806690110269119e+04
-1.821806690447310393e+04
-1.821806690784351667e+04
-1.821806691121392942e+04
-1.821806691458434216e+04
-1.821806691733708431e+04
-1.821806692008982645e+04
-1.821806692284256860e+04
-1.821806692559531075e+04
-1.821806692834805290e+04
-1.821806693110079505e+04
-1.821806693335068485e+04
-1.821806693560057101e+04
-1.821806693785047173e+04
-1.821806694010036517e+04
-1.821806694235025861e+04
-1.821806694460015206e+04
-1.821806694643923402e+04
-1.821806694827831598e+04
-1.821806695011740521e+04
-1.821806695195649081e+04
-1.821806695379557641e+04
-1.821806695563466201e+04
-1.821806695713521549e+04
-1.821806695863576897e+04
-1.821806696013632245e+04
-1.821806696163687593e+04
-1.821806696313742941e+04
-1.821806696463798289e+04
-1.821806696586444741e+04
-1.821806696709091557e+04
-1.821806696831738736e+04
-1.821806696954385552e+04
-1.821806697077032368e+04
-1.821806697199679184e+04
-1.821806697299968073e+04
-1.821806697400256962e+04
-1.821806697500545852e+04
-1.821806697600834741e+04
-1.821806697701123630e+04
-1.821806697801412520e+04
-1.821806697883199013e+04
-1.821806697964984778e+04
-1.821806698046770907e+04
-1.821806698128557036e+04
-1.821806698210343166e+04
-1.821806698292129295e+04
-1.821806698358636640e+04
-1.821806698425143986e+04
-1.821806698491651332e+04
-1.821806698558158678e+04
-1.821806698624666024e+04
-1.821806698691173369e+04
-1.821806698745671383e+04
-1.821806698800169397e+04
-1.821806698854667411e+04
-1.821806698909165425e+04
-1.821806698963663439e+04
-1.821806699018161453e+04
-1.821806699062652478e+04
-1.821806699107143504e+04
-1.821806699151634530e+04
-1.821806699196125555e+04
-1.821806699240616581e+04
-1.821806699285107607e+04
-1.821806699321567430e+04
-1.821806699358027618e+04
-1.821806699394488169e+04
-1.821806699430948356e+04
-1.821806699467408544e+04
-1.821806699503868731e+04
-1.821806699533864230e+04
-1.821806699563860093e+04
-1.821806699593855228e+04
-1.821806699623850727e+04
-1.821806699653846226e+04
-1.821806699683841725e+04
-1.821806699707897133e+04
-1.821806699731952540e+04
-1.821806699756007947e+04
-1.821806699780063354e+04
-1.821806699804118762e+04
-1.821806699828174169e+04
-1.821806699848026255e+04
-1.821806699867878342e+04
-1.821806699887730429e+04
-1.821806699907582515e+04
-1.821806699927434602e+04
-1.821806699947286688e+04
-1.821806699963405845e+04
-1.821806699979524637e+04
-1.821806699995643066e+04
-1.821806700011761859e+04
-1.821806700027880652e+04
-1.821806700043999444e+04
-1.821806700056957925e+04
-1.821806700069916405e+04
-1.821806700082874886e+04
-1.821806700095833367e+04
-1.821806700108791847e+04
-1.821806700121750328e+04
-1.821806700132671904e+04
-1.821806700143593480e+04
-1.821806700154515056e+04
-1.821806700165437360e+04
-1.821806700176358572e+04
-1.821806700187280148e+04
-1.821806700196334714e+04
-1.821806700205389279e+04
-1.821806700214443845e+04
-1.821806700223498410e+04
-1.821806700232552976e+04
-1.821806700241607541e+04
-1.821806700248776542e+04
-1.821806700255945543e+04
-1.821806700263114544e+04
-1.821806700270283545e+04
-1.821806700277452546e+04
-1.821806700284621547e+04
-1.821806700290631125e+04
-1.821806700296640702e+04
-1.821806700302650279e+04
-1.821806700308659856e+04
-1.821806700314669433e+04
-1.821806700320679010e+04
-1.821806700325490965e+04
-1.821806700330302920e+04
-1.821806700335114874e+04
-1.821806700339926829e+04
-1.821806700344738783e+04
-1.821806700349550738e+04
-1.821806700353305496e+04
-1.821806700357060254e+04
-1.821806700360814284e+04
-1.821806700364568678e+04
-1.821806700368323072e+04
-1.821806700372077466e+04
-1.821806700375078071e+04
-1.821806700378078312e+04
-1.821806700381079281e+04
-1.821806700384080614e+04
-1.821806700387081582e+04
-1.821806700390081824e+04
-1.821806700393520441e+04
-1.821806700395777807e+04
-1.821806700398035173e+04
-1.821806700400292539e+04
-1.821806700402549905e+04
-1.821806700404807270e+04
-1.821806700407064636e+04
-1.821806700407641983e+04
-1.821806700408038887e+04
-1.821806700408435790e+04
-1.821806700408833422e+04
-1.821806700409230689e+04
-1.821806700409627229e+04
-1.821806700410024132e+04
-1.821806700410460689e+04
-1.821806700410897247e+04
-1.821806700411333804e+04
-1.821806700411770362e+04
-1.821806700412206919e+04
-1.821806700412758437e+04
-1.821806700413309227e+04
-1.821806700413860381e+04
-1.821806700414411534e+04
-1.821806700415788146e+04
-1.821806700417164029e+04
-1.821806700418069886e+04
-1.821806700418975379e+04
-1.821806700419880872e+04
-1.821806700420786365e+04
-1.821806700421710775e+04
-1.821806700422635186e+04
-1.821806700423559596e+04
-1.821806700424483279e+04
-1.821806700425407325e+04
-1.821806700426536918e+04
-1.821806700427666146e+04
-1.821806700428795375e+04
-1.821806700429924604e+04
-1.821806700431053832e+04
-1.821806700431869103e+04
-1.821806700432684374e+04
-1.821806700433499645e+04
-1.821806700434314916e+04
-1.821806700435130188e+04
-1.821806700435945459e+04
-1.821806700436713436e+04
-1.821806700437481413e+04
-1.821806700438249391e+04
-1.821806700439017368e+04
-1.821806700439785345e+04
-1.821806700440553323e+04
-1.821806700441327484e+04
-1.821806700442100919e+04
-1.821806700442874717e+04
-1.821806700443648515e+04
-1.821806700444422313e+04
-1.821806700445245951e+04
-1.821806700445821480e+04
-1.821806700446397008e+04
-1.821806700446972536e+04
-1.821806700447548064e+04
-1.821806700448123593e+04
-1.821806700448699121e+04
-1.821806700449188429e+04
-1.821806700449677737e+04
-1.821806700450167045e+04
-1.821806700450656353e+04
-1.821806700451145662e+04
-1.821806700451634970e+04
-1.821806700452178848e+04
-1.821806700452531732e+04
-1.821806700452743462e+04
-1.821806700452955192e+04
-1.821806700453166923e+04
-1.821806700453378653e+04
-1.821806700453590383e+04
-1.821806700453882513e+04
-1.821806700454174643e+04
-1.821806700454466772e+04
-1.821806700454758902e+04
-1.821806700455192549e+04
-1.821806700455486498e+04
-1.821806700455780447e+04
-1.821806700456074395e+04
-1.821806700456368344e+04
-1.821806700456662293e+04
-1.821806700456865292e+04
-1.821806700456912586e+04
-1.821806700456959879e+04
-1.821806700457007173e+04
-1.821806700457054467e+04
-1.821806700457101761e+04
-1.821806700457149054e+04
-1.821806700457219631e+04
-1.821806700457236002e+04
-1.821806700457245461e+04
-1.821806700457254919e+04
-1.821806700457264378e+04
-1.821806700457273837e+04
-1.821806700457283296e+04
-1.821806700457293118e+04
-1.821806700457302941e+04
-1.821806700457312763e+04
-1.821806700457322586e+04
