1.666666666666666741e+00
1.666666666666666741e+00
1.666666666666666741e+00
1.666666666666666741e+00
1.666666666666666741e+00
1.666666666666666741e+00
1.666666666666666741e+00
1.666666666666666741e+00
1.666666666666666741e+00
1.666666666666666741e+00
1.666666666666666741e+00
1.666666666666666075e+00
1.666666666666664076e+00
1.666666666666659857e+00
1.666666666666635432e+00
1.666666666666580587e+00
1.666666666666483776e+00
1.666666666666332564e+00
1.666666666665138852e+00
1.666666666662503182e+00
1.666666666657869333e+00
1.666666666650689299e+00
1.666666666594409651e+00
1.666666666472224057e+00
1.666666666260810725e+00
1.666666665938379754e+00
1.666666665484572318e+00
1.666666664818056365e+00
1.666666663949990079e+00
1.666666662859099812e+00
1.666666661525641580e+00
1.666666659931302918e+00
1.666666658059099859e+00
1.666666654579003870e+00
1.666666650343544331e+00
1.666666645305646899e+00
1.666666639423546314e+00
1.666666632660248171e+00
1.666666624983039302e+00
1.666666617147880336e+00
1.666666608506731651e+00
1.666666599042314401e+00
1.666666588739334598e+00
1.666666577584297926e+00
1.666666565565348535e+00
1.666666552010497071e+00
1.666666537482219601e+00
1.666666521971611914e+00
1.666666505471112059e+00
1.666666487974373112e+00
1.666666469476146828e+00
1.666666448202175577e+00
1.666666425732809431e+00
1.666666402064893804e+00
1.666666377196283300e+00
1.666666351125734691e+00
1.666666323852812992e+00
1.666666293188618031e+00
1.666666261135987925e+00
1.666666227696852687e+00
1.666666192873809793e+00
1.666666156670040255e+00
1.666666119089236675e+00
1.666666077305897886e+00
1.666666033952503678e+00
1.666665989035073459e+00
1.666665942560000113e+00
1.666665894533989611e+00
1.666665844964010823e+00
1.666665790085059884e+00
1.666665733447039166e+00
1.666665675059219476e+00
1.666665614931008177e+00
1.666665553071909445e+00
1.666665489491487850e+00
1.666665419352215682e+00
1.666665347253269536e+00
1.666665273206484388e+00
1.666665197223642148e+00
1.666665119316441457e+00
1.666665039496480594e+00
1.666664951728271005e+00
1.666664861784711960e+00
1.666664769679616187e+00
1.666664675426583475e+00
1.666664579038992011e+00
1.666664480529985282e+00
1.666664381577295462e+00
1.666664280596641845e+00
1.666664177599838759e+00
1.666664072598463164e+00
1.666663965603852882e+00
1.666663856627109919e+00
1.666663738484552182e+00
1.666663618122112833e+00
1.666663495552288987e+00
1.666663370787282439e+00
1.666663243838998998e+00
1.666663114719055372e+00
1.666662945049402156e+00
1.666662771811850297e+00
1.666662595029241745e+00
1.666662414723685703e+00
1.666662230916578169e+00
1.666662043628619472e+00
1.666661837290945858e+00
1.666661626933995111e+00
1.666661412581337487e+00
1.666661194255718792e+00
1.666660971979084138e+00
1.666660745772607699e+00
1.666660521878448931e+00
1.666660294299925793e+00
1.666660063054604013e+00
1.666659828159457790e+00
1.666659589630886895e+00
1.666659347484743092e+00
1.666659058427068185e+00
1.666658764422202843e+00
1.666658465493165764e+00
1.666658161662095683e+00
1.666657852950287788e+00
1.666657539378232578e+00
1.666657223592799442e+00
1.666656903064310580e+00
1.666656577810605722e+00
1.666656247848875116e+00
1.666655913195683736e+00
1.666655573867002138e+00
1.666655207456247290e+00
1.666654835780614352e+00
1.666654458857343535e+00
1.666654076703041554e+00
1.666653689333702948e+00
1.666653296764743386e+00
1.666652867256636750e+00
1.666652431727085437e+00
1.666651990193390498e+00
1.666651542672203945e+00
1.666651089179555623e+00
1.666650629730883404e+00
1.666650129759808863e+00
1.666649622956002164e+00
1.666649109336501455e+00
1.666648588917699625e+00
1.666648061715373164e+00
1.666647527744710144e+00
1.666646947710155757e+00
1.666646359928555921e+00
1.666645764416592401e+00
1.666645161190315916e+00
1.666644550265174329e+00
1.666643931656039301e+00
1.666643259501418228e+00
1.666642578537210762e+00
1.666641888779783587e+00
1.666641190244886772e+00
1.666640482947682633e+00
1.666639766902771935e+00
1.666639054069281478e+00
1.666638332798901612e+00
1.666637603104094367e+00
1.666636864996888789e+00
1.666636118488906027e+00
1.666635363591376429e+00
1.666634551040528933e+00
1.666633729013589527e+00
1.666632897522767998e+00
1.666632056579863130e+00
1.666631206196282688e+00
1.666630346383058070e+00
1.666629223985307107e+00
1.666628085954042993e+00
1.666626932310399267e+00
1.666625763074698563e+00
1.666624578266495016e+00
1.666623377904592029e+00
1.666622063076995675e+00
1.666620730123529626e+00
1.666619379065309881e+00
1.666618009922676613e+00
1.666616622715221263e+00
1.666615217461813403e+00
1.666613832763111480e+00
1.666612431011171402e+00
1.666611012221653088e+00
1.666609576409704863e+00
1.666608123589989443e+00
1.666606653776713687e+00
1.666604905664433200e+00
1.666603134147339960e+00
1.666601339246283286e+00
1.666599520981449034e+00
1.666597679372387342e+00
1.666595814438028178e+00
1.666593942018550711e+00
1.666592046696060425e+00
1.666590128487419609e+00
1.666588187409020039e+00
1.666586223476804962e+00
1.666584236706290856e+00
1.666582096586629813e+00
1.666579930619410455e+00
1.666577738821932275e+00
1.666575521211070221e+00
1.666573277803288899e+00
1.666571008614660343e+00
1.666568530991392683e+00
1.666566023384009165e+00
1.666563485811321188e+00
1.666560918291734250e+00
1.666558320843257279e+00
1.666555693483511957e+00
1.666552839402627884e+00
1.666549950884540499e+00
1.666547027949734305e+00
1.666544070618309892e+00
1.666541078909989926e+00
1.666538052844127593e+00
1.666534770669864107e+00
1.666531449054969416e+00
1.666528088022033449e+00
1.666524687593284426e+00
1.666521247790594629e+00
1.666517768635485064e+00
1.666513993254907122e+00
1.666510172652487798e+00
1.666506306853592356e+00
1.666502395883248111e+00
1.666498439766146422e+00
1.666494438526642252e+00
1.666490459625271647e+00
1.666486437130780818e+00
1.666482371065513890e+00
1.666478261451568743e+00
1.666474108310805891e+00
1.666469911664862691e+00
1.666465398778625095e+00
1.666460836692142289e+00
1.666456225430725357e+00
1.666451565019466896e+00
1.666446855483247225e+00
1.666442096846732612e+00
1.666435890674669906e+00
1.666429603016553074e+00
1.666423233923696401e+00
1.666416783447091099e+00
1.666410251637389761e+00
1.666403638544803556e+00
1.666396401533740246e+00
1.666389069739929507e+00
1.666381643225161469e+00
1.666374122050918949e+00
1.666366506278303738e+00
1.666358795967960882e+00
1.666351204758758975e+00
1.666343524197835935e+00
1.666335754340102726e+00
1.666327895240173218e+00
1.666319946952372399e+00
1.666311909530767910e+00
1.666302357526773470e+00
1.666292682771316036e+00
1.666282885350672149e+00
1.666272965350876767e+00
1.666262922857698170e+00
1.666252757956527830e+00
1.666242559807737278e+00
1.666232241515352097e+00
1.666221803161655135e+00
1.666211244828687876e+00
1.666200566598219801e+00
1.666189768551759487e+00
1.666178145102491737e+00
1.666166386133430377e+00
1.666154491741998811e+00
1.666142462025421711e+00
1.666130297080701927e+00
1.666117997004595175e+00
1.666104576061653963e+00
1.666090998079773788e+00
1.666077263179553514e+00
1.666063371481422806e+00
1.666049323105601498e+00
1.666035118172036311e+00
1.666019697722650683e+00
1.666004097202870682e+00
1.665988316760103505e+00
1.665972356541595589e+00
1.665956216694374659e+00
1.665939897365177336e+00
1.665922208538465066e+00
1.665904313909993384e+00
1.665886213659464099e+00
1.665867907966421368e+00
1.665849397010178867e+00
1.665830680969749844e+00
1.665810384644153430e+00
1.665789852945045890e+00
1.665769086092144580e+00
1.665748084305010757e+00
1.665726847802959654e+00
1.665705376804976989e+00
1.665684039104576852e+00
1.665662475161085565e+00
1.665640685181914993e+00
1.665618669374242078e+00
1.665596427944997959e+00
1.665573961100893507e+00
1.665549815349211649e+00
1.665525415019639244e+00
1.665500760360202781e+00
1.665475851618741565e+00
1.665450689042889509e+00
1.665425272880027174e+00
1.665392145180113026e+00
1.665358597265625962e+00
1.665324629663631484e+00
1.665290242901353857e+00
1.665255437505937408e+00
1.665220214003784838e+00
1.665181691930616603e+00
1.665142683157911696e+00
1.665103188346527707e+00
1.665063208157310459e+00
1.665022743250561321e+00
1.664981794285525396e+00
1.664941500403621655e+00
1.664900749782393330e+00
1.664859543026786959e+00
1.664817880741091605e+00
1.664775763528870245e+00
1.664733191993083228e+00
1.664682622168878190e+00
1.664631427672950137e+00
1.664579609478125111e+00
1.664527168556948045e+00
1.664474105881420085e+00
1.664420422422327572e+00
1.664366580338596968e+00
1.664312129809290219e+00
1.664257071777684782e+00
1.664201407186225223e+00
1.664145136976309169e+00
1.664088262088265324e+00
1.664027049512533551e+00
1.663965153805366803e+00
1.663902576097786579e+00
1.663839317519906214e+00
1.663775379200779003e+00
1.663710762268188370e+00
1.663640253787712631e+00
1.663568957363438461e+00
1.663496874408805670e+00
1.663424006336192473e+00
1.663350354556616839e+00
1.663275920479349690e+00
1.663195089019985584e+00
1.663113358130335673e+00
1.663030729551191023e+00
1.662947205021896968e+00
1.662862786279951210e+00
1.662777475060581933e+00
1.662684936097196697e+00
1.662591373524407778e+00
1.662496789478427495e+00
1.662401186093475314e+00
1.662304565501329545e+00
1.662206929830865043e+00
1.662100916920456806e+00
1.661993737696587647e+00
1.661885394787857795e+00
1.661775890820171186e+00
1.661665228416193907e+00
1.661553410194812619e+00
1.661442066588292299e+00
1.661329605110929641e+00
1.661216028260962041e+00
1.661101338533390814e+00
1.660985538419855967e+00
1.660868630408753877e+00
1.660742654861675716e+00
1.660615423516749178e+00
1.660486939385785510e+00
1.660357205476849618e+00
1.660226224794111083e+00
1.660094000337542175e+00
1.659921055970576154e+00
1.659746040359745933e+00
1.659568959970806112e+00
1.659389821262637676e+00
1.659208630685769403e+00
1.659025394678357079e+00
1.658823832929771314e+00
1.658619868491088223e+00
1.658413509590071389e+00
1.658204764443220958e+00
1.657993641252401007e+00
1.657780148201524639e+00
1.657568286844580463e+00
1.657354157623567303e+00
1.657137768235583897e+00
1.656919126363102679e+00
1.656698239673219497e+00
1.656475115818294652e+00
1.656231810019547002e+00
1.655985916933517599e+00
1.655737446123002776e+00
1.655486407132908289e+00
1.655232809489666890e+00
1.654976662699988221e+00
1.654692619599911652e+00
1.654405529989689372e+00
1.654115406353765527e+00
1.653822261152186890e+00
1.653526106818639096e+00
1.653226955757774785e+00
1.652896680988576561e+00
1.652562859436727871e+00
1.652225507167232932e+00
1.651884640210394384e+00
1.651540274558830790e+00
1.651192426164206584e+00
1.650807111257113879e+00
1.650417650865277919e+00
1.650024065839700516e+00
1.649626376981374154e+00
1.649224605037425295e+00
1.648818770696844682e+00
1.648366304171680063e+00
1.647908944896067762e+00
1.647446720419202038e+00
1.646979658216954023e+00
1.646507785686558867e+00
1.646031130140477750e+00
1.645496155953090955e+00
1.644955352383674629e+00
1.644408756492314438e+00
1.643856405230435858e+00
1.643298335431235158e+00
1.642734583799943193e+00
1.642097295237749055e+00
1.641452994201751503e+00
1.640801731512873785e+00
1.640143557823136478e+00
1.639478523602751148e+00
1.638806679125688337e+00
1.638105488562953571e+00
1.637397137709230677e+00
1.636681681369579922e+00
1.635959174146061956e+00
1.635229670429395377e+00
1.634493224395155542e+00
1.633658463554608753e+00
1.632815101423046533e+00
1.631963213644863853e+00
1.631102875557048471e+00
1.630234162178054724e+00
1.629357148191445503e+00
1.628346954310769590e+00
1.627326171514473563e+00
1.626294908988016319e+00
1.625253275417865462e+00
1.624201378965497655e+00
1.623139327232187012e+00
1.621800374140291767e+00
1.620445990447090923e+00
1.619076381365580630e+00
1.617691751002457101e+00
1.616292302275897264e+00
1.614878236761982278e+00
1.613042854120122049e+00
1.611184157874325340e+00
1.609302563925851581e+00
1.607398485533152677e+00
1.605472332972884608e+00
1.603524512889515030e+00
1.601389153956448430e+00
1.599229317893385183e+00
1.597045508866774766e+00
1.594838227075843440e+00
1.592607968245069783e+00
1.590355223243205884e+00
1.587659574133488238e+00
1.586300434047375196e+00
1.584933883151892209e+00
1.583560020263309331e+00
1.582178943230014845e+00
1.580790749287093844e+00
1.579395535370716308e+00
1.576182271411737501e+00
1.572934012112261026e+00
1.569651881564497975e+00
1.566336986070364423e+00
1.562990418957301841e+00
1.561305598157385344e+00
1.559613266133561771e+00
1.557913556304706626e+00
1.556206600559157049e+00
1.554492529997883787e+00
1.552771475302570980e+00
1.551669446210156789e+00
1.550564658671470752e+00
1.549457146056111734e+00
1.548346941618512940e+00
1.547234078488070042e+00
1.542638337622555422e+00
1.541482754640761677e+00
1.540324581917982494e+00
1.539163853979533814e+00
1.538000605521193664e+00
1.536834871101116606e+00
1.533079849681245665e+00
1.532137281974219389e+00
1.531193225312234008e+00
1.530247697364927273e+00
1.529300715292462698e+00
1.528459640608129000e+00
1.527617447448877952e+00
1.526774147730040943e+00
1.525929753326023652e+00
1.524893428735935919e+00
1.523855499347799070e+00
1.522815986748961237e+00
1.521774912451528960e+00
1.516010717278401865e+00
1.515287082118925710e+00
1.514562778270546195e+00
1.513837812445623321e+00
1.513112191468986456e+00
1.512385922155397022e+00
1.511258487252828964e+00
1.510129534676629026e+00
1.508999089378529668e+00
1.507867176234354289e+00
1.502145614331451107e+00
1.500709875106112090e+00
1.499272091965592857e+00
1.497832312385516396e+00
1.496390584126326306e+00
1.494946954714651888e+00
1.490074853163609436e+00
1.489464449477771568e+00
1.488853748493746076e+00
1.488242753852912381e+00
1.487631469003745543e+00
1.486200124818215729e+00
1.484767253507743190e+00
1.483332898233601149e+00
1.481897101952776019e+00
1.477306478231970033e+00
1.476156755346318183e+00
1.475006249217974963e+00
1.473854981239018480e+00
1.472702972308901792e+00
1.471568046244484451e+00
1.470432441829780279e+00
1.469296178818166210e+00
1.468159276872822216e+00
1.466807067706337175e+00
1.465454016019813954e+00
1.464100154305154833e+00
1.462745514887717535e+00
1.453842475370831222e+00
1.452727788764505812e+00
1.451612756901053514e+00
1.450497396387394389e+00
1.449381724179665154e+00
1.448265757188702541e+00
1.446847953952544286e+00
1.445429735937712179e+00
1.444011136916390825e+00
1.442592190511769790e+00
1.440665845290592051e+00
1.438739004829287627e+00
1.436811751459556641e+00
1.434884166786753568e+00
1.432956331737128775e+00
1.424286664296034788e+00
1.423203073194725166e+00
1.422119553548689019e+00
1.421036118767425860e+00
1.419952782411683989e+00
1.418869557998720499e+00
1.417372163040953481e+00
1.415875042649397342e+00
1.414378231721469925e+00
1.412881764955572717e+00
1.410868248743847309e+00
1.408855501884861416e+00
1.406843607009092167e+00
1.404832645942408531e+00
1.402822699746874013e+00
1.393371771566919382e+00
1.392192525530851599e+00
1.391013802474783345e+00
1.389835617688879088e+00
1.388657986616679718e+00
1.387480924638298641e+00
1.385921080090855906e+00
1.384362297961558186e+00
1.382804613187183396e+00
1.381248060470381844e+00
1.380078643372456781e+00
1.378909900118970633e+00
1.377741845162605117e+00
1.376574492863852806e+00
1.375407857496602215e+00
1.366545960071491539e+00
1.357732608323376056e+00
1.356634647850752495e+00
1.355537548207991216e+00
1.354441320239037738e+00
1.353345975000870505e+00
1.352251523489145901e+00
1.349202379410653352e+00
1.346160509219863410e+00
1.343126141470015078e+00
1.340099501303787077e+00
1.332663193255894107e+00
1.330812066699868401e+00
1.328964218365778827e+00
1.327119696423013195e+00
1.325278548961828839e+00
1.323440823543007072e+00
1.321839457174396104e+00
1.320240764825750812e+00
1.318644776974670307e+00
1.317051523822439618e+00
1.315104164546168963e+00
1.313161005656073854e+00
1.311222100755996545e+00
1.309287502738937903e+00
1.307357263811095516e+00
1.296442028518593803e+00
1.295088158085349272e+00
1.293736685901830663e+00
1.292387628683843159e+00
1.291041003202933579e+00
1.289696826088954973e+00
1.286652796319043945e+00
1.283621670354427868e+00
1.280603632589832452e+00
1.277598863368413440e+00
1.269701424553627112e+00
1.267742190586534701e+00
1.265789101021616680e+00
1.263842201635771101e+00
1.261901537873454826e+00
1.259967154401281375e+00
1.254082673568198691e+00
1.248258673756316828e+00
1.242496293657409767e+00
1.236796615452279591e+00
1.234829675230796564e+00
1.232870483029660624e+00
1.230919079261729276e+00
1.228975502838462353e+00
1.227039791432485538e+00
1.219275120165603354e+00
1.216520597926944003e+00
1.213783192883249873e+00
1.211063002125819965e+00
1.208360117277601731e+00
1.202664609584269684e+00
1.197048671562378264e+00
1.191513021011319173e+00
1.186058308625729696e+00
1.183819089134065861e+00
1.181593943020841087e+00
1.179382906071413828e+00
1.177186011421792022e+00
1.175003289874800405e+00
1.169460092406205964e+00
1.164011053766194292e+00
1.158656524039388236e+00
1.153396778403934730e+00
1.149616488285374549e+00
1.145886889841231104e+00
1.142208011733235384e+00
1.138579859136617634e+00
1.135002415605771198e+00
1.128079648302217741e+00
1.124692368496042150e+00
1.121354378503086391e+00
1.118065571774796929e+00
1.114825824657016851e+00
1.111634996969399491e+00
1.104985788234320143e+00
1.101743987927304547e+00
1.098557062946464935e+00
1.095424744826543728e+00
1.092346747963711673e+00
1.089322769276746428e+00
1.084797022198399130e+00
1.080395910392572212e+00
1.076118122422900614e+00
1.071962264524951580e+00
1.069929601883461645e+00
1.067926863756347933e+00
1.065953855035135067e+00
1.064010376360355004e+00
1.062096224118736165e+00
1.059023382492247700e+00
1.058644725348764748e+00
1.058267272596150610e+00
1.057891022420759830e+00
1.057515972993696929e+00
1.056947165412071010e+00
1.056805397109252143e+00
1.056663802032225652e+00
1.056522380076877266e+00
1.056381131139196405e+00
1.055447534954164324e+00
1.054521532977960030e+00
1.053603094181986055e+00
1.052692187283480463e+00
1.050550581306789688e+00
1.048451178517846749e+00
1.046393539159371500e+00
1.044377216584406964e+00
1.042401757643523608e+00
1.038811165587103735e+00
1.035359155453118074e+00
1.033684141824968261e+00
1.032042594129839230e+00
1.030434111859047652e+00
1.028858291387272139e+00
1.027314726197179340e+00
1.025803007098229136e+00
1.021600176999285736e+00
1.019594505287185537e+00
1.017650965353527726e+00
1.015768276441850082e+00
1.013945152957503426e+00
1.012180305655838275e+00
1.010472442798469039e+00
1.006958277417739467e+00
1.003692849845572832e+00
1.002149304204015268e+00
1.000663023101800553e+00
9.992323793927992970e-01
9.978557542508821321e-01
9.965315387690661941e-01
9.952581354433764904e-01
9.929489584404874725e-01
9.908103227250686373e-01
9.888313566198153604e-01
9.870014287372765871e-01
9.853101734161781033e-01
9.837475131979859233e-01
9.823434419071421786e-01
9.810428267490262089e-01
9.798373075141321165e-01
9.787188379755675793e-01
9.776796958141033000e-01
9.767124905351909359e-01
9.758563601741356841e-01
9.750527242057994703e-01
9.742961531890681481e-01
9.735814980380286254e-01
9.729038905335424259e-01
9.722587428645276253e-01
9.716683979788832692e-01
9.712516782839241136e-01
9.710473445051504005e-01
9.709217490661192773e-01
9.707970708756924472e-01
9.706732740266470483e-01
9.705503232017099746e-01
9.704281836711990961e-01
9.703068212911432067e-01
9.699204135211753064e-01
9.695406568149433912e-01
9.691665290793282095e-01
9.687970691538067003e-01
9.684313757685911739e-01
9.680686064477970199e-01
9.674213488960130558e-01
9.667769331457968240e-01
9.661318188285308306e-01
9.654830046848299485e-01
9.648280012938583727e-01
9.641648027302847090e-01
9.635527678795565709e-01
9.629317913341796098e-01
9.623012822073924166e-01
9.616609027255524911e-01
9.610105490085969482e-01
9.603503318728761062e-01
9.596870190212036800e-01
9.590147998154903153e-01
9.583342952066414844e-01
9.576462610367901807e-01
9.569515710375936512e-01
9.562512002889839158e-01
9.555560580030780793e-01
9.548575063696413956e-01
9.541566809112734804e-01
9.534547561234111290e-01
9.527529328772010864e-01
9.520524264888100552e-01
9.513676404247124463e-01
9.506864384850196581e-01
9.500099487914721585e-01
9.493392754819010015e-01
9.486754911096830778e-01
9.480196297126168847e-01
9.473842276423470876e-01
9.467583099668496205e-01
9.461427149036650830e-01
9.455382253334669862e-01
9.449455654279108607e-01
9.443653978386352676e-01
9.437662783565629043e-01
9.431824184468976524e-01
9.426143625941770798e-01
9.420625708928901387e-01
9.415274187729406608e-01
9.410091973307622704e-01
9.404836957363218453e-01
9.399772181152792339e-01
9.394898106226872159e-01
9.390214256441531404e-01
9.385719255143496476e-01
9.381410867368698003e-01
9.377364029857434558e-01
9.373490152137251563e-01
9.369784995459408128e-01
9.366243718244348093e-01
9.362860929777412355e-01
9.359630745518366934e-01
9.356616205237052730e-01
9.353735047799565105e-01
9.350980731086308007e-01
9.348346468444506119e-01
9.345825279157118359e-01
9.343410038147840213e-01
9.341173750683606780e-01
9.339022813625105224e-01
9.336950697469222904e-01
9.334950905719178182e-01
9.333017010000067559e-01
9.331142683386303149e-01
9.329498355788697905e-01
9.327893002725881066e-01
9.326866772480422174e-01
9.325854075533448473e-01
9.324853781175592715e-01
9.323864786904965118e-01
9.322886019880483044e-01
9.321916438265652749e-01
9.320190745585896774e-01
9.318485959824104325e-01
9.316796836945847593e-01
9.315118520185740048e-01
9.313446552920183752e-01
9.311776888443064060e-01
9.309854723777412078e-01
9.307925982688053379e-01
9.305986565640664843e-01
9.304033102553275203e-01
9.302062940411418568e-01
9.300074125251949209e-01
9.298169031181975352e-01
9.296245442916900581e-01
9.294303306484423821e-01
9.292343038300211466e-01
9.290365494321528583e-01
9.288371936909743942e-01
9.286430609389679791e-01
9.284477611169287270e-01
9.282514978610447720e-01
9.280544976712811200e-01
9.278570066308691189e-01
9.276592871133464424e-01
9.274656474605765810e-01
9.272723207795281475e-01
9.270795811980829804e-01
9.268877061923453953e-01
9.266969738883715779e-01
9.265076604726851794e-01
9.263234587341807602e-01
9.261411371165263473e-01
9.259609381990387966e-01
9.257830944730264244e-01
9.256078266471230442e-01
9.254353421106480404e-01
9.252917998851120096e-01
9.251504936907729570e-01
9.250115226379724831e-01
9.248749768511667080e-01
9.247409371388386479e-01
9.246094747291895288e-01
9.244595090421167116e-01
9.243132116408901977e-01
9.241706443519240866e-01
9.240318504411203504e-01
9.238968547301920076e-01
9.237656638430427058e-01
9.236384325927788908e-01
9.235149565422052786e-01
9.233951906684728650e-01
9.232790740391422224e-01
9.231665306208759469e-01
9.230574701748945898e-01
9.229541593207103434e-01
9.228539680086011998e-01
9.227567782804109164e-01
9.226624630596342858e-01
9.225708872061371135e-01
9.224819085967456145e-01
9.223984921852625973e-01
9.223172131065551227e-01
9.222379315397781774e-01
9.221605053782454542e-01
9.220847911332825664e-01
9.220106448218898798e-01
9.219455297212636458e-01
9.218814523268525907e-01
9.218602314261274966e-01
9.218391116235108429e-01
9.218245571079243250e-01
9.218100479850818152e-01
9.217955830390980321e-01
9.217811610602700823e-01
9.217667808453722245e-01
9.217524411979631793e-01
9.217052984932972981e-01
9.216585440070744761e-01
9.216121363004657896e-01
9.215660350027786718e-01
9.215202009017727791e-01
9.214745960298059702e-01
9.213918765182048665e-01
9.213095885570932175e-01
9.212275387943890115e-01
9.211455518380771146e-01
9.210634711638122640e-01
9.209811598140310585e-01
9.209014778101033416e-01
9.208213857728413387e-01
9.207408144320635701e-01
9.206597120065974638e-01
9.205780439325803588e-01
9.204957924409241654e-01
9.204172029154166212e-01
9.203380982142956857e-01
9.202585019489138984e-01
9.201784490021434060e-01
9.200979847524701771e-01
9.200171642334714628e-01
9.199381049034189850e-01
9.198588339118232149e-01
9.197794237066410084e-01
9.196999520628682534e-01
9.196205011875933089e-01
9.195411568170962502e-01
9.194631163386903783e-01
9.193853516398634573e-01
9.193079498814321626e-01
9.192309982344130104e-01
9.191545831009836354e-01
9.190787893652260232e-01
9.190042282945817265e-01
9.189304394243045238e-01
9.188574973933675283e-01
9.187854728393954895e-01
9.187144318819060462e-01
9.186444356564100744e-01
9.185782859973220527e-01
9.185131944990460040e-01
9.184492003348858624e-01
9.183863373421780052e-01
9.183246338637193196e-01
9.182641126342047100e-01
9.182048090203048796e-01
9.181467153081956933e-01
9.180898371604213626e-01
9.180341746162002936e-01
9.179797221887429082e-01
9.179264690005998206e-01
9.178750728231758194e-01
9.178248087720725090e-01
9.177756520499517068e-01
9.177275735730635597e-01
9.176805402444251358e-01
9.176345152491396373e-01
9.175907436643897519e-01
9.175478455959648061e-01
9.175057789913921846e-01
9.174644996712965073e-01
9.174239616445202250e-01
9.173841174284088629e-01
9.173477698217816778e-01
9.173119369221902630e-01
9.172765789488127597e-01
9.172499141272657530e-01
9.172334178668477556e-01
9.172170086437689829e-01
9.172006821970375423e-01
9.171844342854099663e-01
9.171682606922626491e-01
9.171521572303824588e-01
9.171080603313845891e-01
9.170643802380754606e-01
9.170210343813135490e-01
9.169779438072309663e-01
9.169350337862169908e-01
9.168922343654360985e-01
9.168455637386857537e-01
9.167988715696333557e-01
9.167520901440869840e-01
9.167051608371260540e-01
9.166580344367663002e-01
9.166106713524883043e-01
9.165683861688401768e-01
9.165258761044857705e-01
9.164831326006256385e-01
9.164401529369222699e-01
9.163969400592042458e-01
9.163535023579034711e-01
9.163116385847259737e-01
9.162695966173876050e-01
9.162273965069755999e-01
9.161850618575316796e-01
9.161426195024017227e-01
9.161000991612474609e-01
9.160579608195263956e-01
9.160158110203936443e-01
9.159736848454732572e-01
9.159316187219571637e-01
9.158896500543427521e-01
9.158478168571526634e-01
9.158059654325629850e-01
9.157643280299561095e-01
9.157229428645852209e-01
9.156818473429908511e-01
9.156410777359287323e-01
9.156006688688416162e-01
9.155596365917773038e-01
9.155375430013640292e-01
9.155155865050869091e-01
9.154937719366481597e-01
9.154721038887231321e-01
9.154505867027520338e-01
9.154292244597952433e-01
9.153989913802731415e-01
9.153690921842858597e-01
9.153395357937909038e-01
9.153103299004305970e-01
9.152814809387859185e-01
9.152529940665060648e-01
9.152216814220532903e-01
9.151908266260524449e-01
9.151604311412185888e-01
9.151304944534429664e-01
9.151010141015444299e-01
9.150719857190611206e-01
9.150435155631269080e-01
9.150154797255851680e-01
9.149878686171327713e-01
9.149606710493518591e-01
9.149338743279337161e-01
9.149074643541553753e-01
9.148825157682622944e-01
9.148578933573956462e-01
9.148335816796259179e-01
9.148095644984348684e-01
9.147858248870501807e-01
9.147623453352169420e-01
9.147426497808331947e-01
9.147294082592659636e-01
9.147162377353145191e-01
9.147031346919420880e-01
9.146900955961553281e-01
9.146771169057730244e-01
9.146641950761311701e-01
9.146409537456433592e-01
9.146178660468873289e-01
9.145949113724906043e-01
9.145720694743292301e-01
9.145493205796947356e-01
9.145266455023636221e-01
9.144918094282098453e-01
9.144570410413520589e-01
9.144222817119845859e-01
9.143874787247819880e-01
9.143525858488426028e-01
9.143242506429459793e-01
9.142958133295220335e-01
9.142672597669121437e-01
9.142385790739058216e-01
9.142097636428874186e-01
9.141808091176811812e-01
9.141533354744850737e-01
9.141257382957944655e-01
9.140980215584587620e-01
9.140701915339637385e-01
9.140422566668472415e-01
9.140142274360855135e-01
9.139863293945593714e-01
9.139583643357975795e-01
9.139303475017060974e-01
9.139022954434601331e-01
9.138742258320701195e-01
9.138461572630602880e-01
9.138177632004562678e-01
9.137894105975948866e-01
9.137611203795891202e-01
9.137329135933290880e-01
9.137048111975629716e-01
9.136768338582217375e-01
9.136458190718006467e-01
9.136150116689133460e-01
9.135844372288609572e-01
9.135541196907092099e-01
9.135328750471192194e-01
9.135117767087437279e-01
9.134908312418764664e-01
9.134840082780252279e-01
9.134772025382039695e-01
9.134704142100362745e-01
9.134636434736816968e-01
9.134568905017774743e-01
9.134501554593877914e-01
9.134350514447878711e-01
9.134200408376824676e-01
9.134051250898523877e-01
9.133903054471512739e-01
9.133755829472227639e-01
9.133609584179421814e-01
9.133425887503764384e-01
9.133243777836818067e-01
9.133063257434400617e-01
9.132884323185487263e-01
9.132706966679086102e-01
9.132531174295069887e-01
9.132339826383539805e-01
9.132150311934199571e-01
9.131962592289331049e-01
9.131812808997527009e-01
9.131664132058787686e-01
9.131516532353847193e-01
9.131410269172739458e-01
9.131304542016071002e-01
9.131199337564339658e-01
9.131094641932023803e-01
9.131022680079955434e-01
9.130950948814867685e-01
9.130913721482148970e-01
9.130876554494254949e-01
9.130839447130340014e-01
9.130802398662364316e-01
9.130765408355331347e-01
9.130654070527942645e-01
9.130543235318885342e-01
9.130432881465250228e-01
9.130322987260304224e-01
9.130213530606035022e-01
9.130104489066733775e-01
9.129934879717569451e-01
9.129766140658649443e-01
9.129598183272631395e-01
9.129430918559626740e-01
9.129264257629224888e-01
9.129098112184453884e-01
9.128850301752726715e-01
9.128603165018095433e-01
9.128356427604140677e-01
9.128109829167702083e-01
9.127863126238494607e-01
9.127616094784277712e-01
9.127379116863986175e-01
9.127141495071823263e-01
9.126903093305903658e-01
9.126663797614646967e-01
9.126423516924857537e-01
9.126182183482911547e-01
9.125959818058866357e-01
9.125736512195850025e-01
9.125512265302628823e-01
9.125287092687872637e-01
9.125061025004282955e-01
9.124834107546204720e-01
9.124610833041021385e-01
9.124386866004590146e-01
9.124162285100123615e-01
9.123937178869724329e-01
9.123711644609934224e-01
9.123485787183951423e-01
9.123253996526679011e-01
9.123022108402250030e-01
9.122790252269326050e-01
9.122558560211436740e-01
9.122327165451626918e-01
9.122096200884203254e-01
9.121831380796107114e-01
9.121567496369608063e-01
9.121304733333729375e-01
9.121043266733159793e-01
9.120783258624967083e-01
9.120578634148867048e-01
9.120375080795802836e-01
9.120172656854035331e-01
9.119971413045607767e-01
9.119771392168857238e-01
9.119572628818626292e-01
9.119426487072138654e-01
9.119281054906049899e-01
9.119136337331810171e-01
9.118992336781148733e-01
9.118849053115051229e-01
9.118706483645903083e-01
9.118554902009144980e-01
9.118404120637121357e-01
9.118254126902407553e-01
9.118104905115623771e-01
9.117956436632658201e-01
9.117808777359692751e-01
9.117661824994519604e-01
9.117515552850490312e-01
9.117369931849936826e-01
9.117224930689301621e-01
9.117080516018452041e-01
9.116917566845877952e-01
9.116755271466495669e-01
9.116593573756204272e-01
9.116432415610585815e-01
9.116271737339188830e-01
9.116111478064975460e-01
9.115909532913247793e-01
9.115708032911011838e-01
9.115506853302860479e-01
9.115305870895598073e-01
9.115104965276259463e-01
9.114904019978924410e-01
9.114651248998870692e-01
9.114398032559350993e-01
9.114144181520287269e-01
9.113889527431320303e-01
9.113633924699795497e-01
9.113377252337117040e-01
9.113163821396619291e-01
9.112949551133582293e-01
9.112734414135258421e-01
9.112518395750184297e-01
9.112301493949733766e-01
9.112083719036445650e-01
9.111852638362940571e-01
9.111620647334368606e-01
9.111433704265892164e-01
9.111246241534376455e-01
9.111058297195235856e-01
9.110869913599544123e-01
9.110681136933233004e-01
9.110487916176704948e-01
9.110294392762489091e-01
9.110100625084786019e-01
9.109906673480646644e-01
9.109712599648071008e-01
9.109518466039866480e-01
9.109291937393600991e-01
9.109065511210653332e-01
9.108839284075271880e-01
9.108613349333011255e-01
9.108387795955475985e-01
9.108162707475762065e-01
9.107930313721834814e-01
9.107698577779048676e-01
9.107467567585093571e-01
9.107237340980840479e-01
9.107007945061744714e-01
9.106779415677563883e-01
9.106591261345419186e-01
9.106403722991127658e-01
9.106216802719503400e-01
9.106030497143458025e-01
9.105844797460339590e-01
9.105659689578103899e-01
9.105464766631639062e-01
9.105270454032133864e-01
9.105113776892888033e-01
9.104957455550460876e-01
9.104801467073805332e-01
9.104645786520523254e-01
9.104490387109206440e-01
9.104323377470714407e-01
9.104156623287669170e-01
9.103990085507013275e-01
9.103823723676149893e-01
9.103657496235424418e-01
9.103491360823423584e-01
9.103279172892125848e-01
9.103066975491150847e-01
9.102854679420355755e-01
9.102642196998400603e-01
9.102429443031345713e-01
9.102216335736281749e-01
9.101961207938547016e-01
9.101705343203914111e-01
9.101448631166586534e-01
9.101190975064289423e-01
9.100932292988841432e-01
9.100672518864719729e-01
9.100447063128629388e-01
9.100220732414143754e-01
9.099993514399608019e-01
9.099765406211797192e-01
9.099536414242542781e-01
9.099306553844184187e-01
9.099082118008375852e-01
9.098856912127425423e-01
9.098630972197745415e-01
9.098404340296638582e-01
9.098177063919152818e-01
9.097949195259732447e-01
9.097706055131313807e-01
9.097462379137385424e-01
9.097218241754938539e-01
9.096973719217388288e-01
9.096728888363343479e-01
9.096483825497955200e-01
9.096140808673258693e-01
9.095797678332456782e-01
9.095529571449508799e-01
9.095261581803534279e-01
9.094993777372671895e-01
9.094726216156487908e-01
9.094458945289126683e-01
9.094192000354761607e-01
9.093991403127830164e-01
9.093791009387648394e-01
9.093590820612231784e-01
9.093390834314741822e-01
9.093191044095424447e-01
9.092991439734021686e-01
9.092773295323376415e-01
9.092555333533988149e-01
9.092337526515087420e-01
9.092119841972913230e-01
9.091944797652339316e-01
9.091769788481907089e-01
9.091594792460450103e-01
9.091419786373453604e-01
9.091244745968395380e-01
9.091026778461339664e-01
9.090808668961204431e-01
9.090590366535867828e-01
9.090371819710951762e-01
9.090152977011575208e-01
9.089933787506685459e-01
9.089601387753400985e-01
9.089267915108153462e-01
9.088933216333979770e-01
9.088662319864135863e-01
9.088390472327138037e-01
9.088117618571855960e-01
9.087843712724674727e-01
9.087568718708454174e-01
9.087292610578533436e-01
9.087039034735364673e-01
9.086784508889301781e-01
9.086529035727524128e-01
9.086272624851130519e-01
9.086015292480377203e-01
9.085757061069505980e-01
9.085494028121776644e-01
9.085230132833300720e-01
9.084965415157414403e-01
9.084699919253622635e-01
9.084433692730836674e-01
9.084166785853688975e-01
9.083861669498605185e-01
9.083555815026876923e-01
9.083249301284092025e-01
9.082942205624618959e-01
9.082634602387499312e-01
9.082326561457603198e-01
9.082017054855686666e-01
9.081707229711155627e-01
9.081397135569763135e-01
9.081086812921139728e-01
9.080776292487111601e-01
9.080465594705300347e-01
9.080200344095999965e-01
9.079934971634947560e-01
9.079669471627396238e-01
9.079403832839538779e-01
9.079138038684869683e-01
9.078872067485612707e-01
9.078605257385714555e-01
9.078338211770380362e-01
9.078070895603570500e-01
9.077803270358674181e-01
9.077535294552740996e-01
9.077266924313462937e-01
9.076954141955443367e-01
9.076640689998048961e-01
9.076326493711420751e-01
9.076011478808586608e-01
9.075695572724251647e-01
9.075378705838397231e-01
9.075029153894271783e-01
9.074678281723863593e-01
9.074326018545649797e-01
9.073972303890629476e-01
9.073617088625849370e-01
9.073260335709051327e-01
9.072954036775536801e-01
9.072646587498923720e-01
9.072337986739736904e-01
9.072028239996964283e-01
9.071717359152610127e-01
9.071405362109541404e-01
9.071093546661826990e-01
9.070780675497710499e-01
9.070466781130155365e-01
9.070151899775161786e-01
9.069836070642627313e-01
9.069519335189561993e-01
9.069146957382500096e-01
9.068773463483305042e-01
9.068398923319289651e-01
9.068023404599955262e-01
9.067646971302815162e-01
9.067269682174289303e-01
9.066908901363556206e-01
9.066547427511151280e-01
9.066185292114645744e-01
9.065822518798510865e-01
9.065459122855170637e-01
9.065095110964560554e-01
9.064765968017485243e-01
9.064436314002343176e-01
9.064106135794903762e-01
9.063775414911091621e-01
9.063444127826524310e-01
9.063115636960129562e-01
9.062786532472868473e-01
9.062456779588589084e-01
9.062126340617159270e-01
9.061795175539967273e-01
9.061463242641024651e-01
9.061084692159254717e-01
9.060705029448068437e-01
9.060324191633586377e-01
9.059942117640759074e-01
9.059558749344958084e-01
9.059174032643594332e-01
9.058774064411452276e-01
9.058372548859726647e-01
9.057969445611726567e-01
9.057564722529456436e-01
9.057158356181380654e-01
9.056750332107817991e-01
9.056355319589274311e-01
9.055958763605063133e-01
9.055560674497807883e-01
9.055161069588989475e-01
9.054841815575616071e-01
9.054521630071001859e-01
9.054200529694540478e-01
9.053878532832736470e-01
9.053555659335609240e-01
9.053203946249407386e-01
9.052851251443982949e-01
9.052497603521926228e-01
9.052143031212896984e-01
9.051787562881499216e-01
9.051431226032444766e-01
9.050809415555598481e-01
9.050343484778599068e-01
9.049876245446621947e-01
9.049407733017359456e-01
9.048937973772726018e-01
9.048466984098701982e-01
9.047994770045296731e-01
9.047623741182578838e-01
9.047251950784370722e-01
9.046879388445746573e-01
9.046506040117757719e-01
9.046131888321490289e-01
9.045729593941159719e-01
9.045326322071806091e-01
9.044922040492431314e-01
9.044516714374555288e-01
9.044110306889172612e-01
9.043702779855793406e-01
9.043219183520774251e-01
9.042733901811628172e-01
9.042246871988960377e-01
9.041758034277478373e-01
9.041267333223528269e-01
9.040774718917361508e-01
9.040300821840514534e-01
9.039825096332769760e-01
9.039347517550679889e-01
9.038868067857023236e-01
9.038386737006668392e-01
9.037903522150688707e-01
9.037346972366774311e-01
9.036912702840577127e-01
9.036476963012931574e-01
9.036039769378853004e-01
9.035601141604552300e-01
9.035161102032107650e-01
9.034717199198621929e-01
9.034271919988906552e-01
9.033825291865669183e-01
9.033377342664959953e-01
9.032928099993847715e-01
9.032477590618719354e-01
9.031759175717867238e-01
9.031198173866119561e-01
9.030635365400604408e-01
9.030070778359667871e-01
9.029504432328888663e-01
9.028936337788928679e-01
9.028366495751489751e-01
9.027834881123808497e-01
9.027301733155023156e-01
9.026767031050267898e-01
9.026230747818548839e-01
9.025811227711995066e-01
9.025390707932976486e-01
9.024969169471408481e-01
9.024546592063946715e-01
9.024122954489658399e-01
9.023605071839073677e-01
9.023085541037838553e-01
9.022564321962769363e-01
9.022041375393244911e-01
9.021516663785198453e-01
9.020990152014503050e-01
9.020357746561004086e-01
9.019722670279860521e-01
9.019084884088442999e-01
9.018444358519024373e-01
9.017801074263048777e-01
9.017155022378018359e-01
9.016453698717982190e-01
9.015963046800494762e-01
9.015470840885413395e-01
9.014977091975127088e-01
9.014481813381987063e-01
9.013985020379552404e-01
9.013465408447437488e-01
9.012944188761901065e-01
9.012421382644947299e-01
9.011897011766557553e-01
9.011371097629169435e-01
9.010843661046111785e-01
9.009920122172920820e-01
9.009226373203498284e-01
9.008530147327009630e-01
9.007831466798276177e-01
9.007130344863626403e-01
9.006426785150027925e-01
9.005720781408876885e-01
9.004980901965485840e-01
9.004388272881009847e-01
9.003793895965049865e-01
9.003197747927355055e-01
9.002599802223457681e-01
9.002000029630278233e-01
9.001410056086868172e-01
9.000818264766206056e-01
9.000224624259099970e-01
8.999629103142572362e-01
8.999031670587809284e-01
8.998432296971943245e-01
8.997398924397543851e-01
8.996724272764483610e-01
8.996047091382500804e-01
8.995367357270852571e-01
8.994685053127359220e-01
8.994000167577509419e-01
8.993312695213481200e-01
8.992434571471104032e-01
8.991835527026167396e-01
8.991234565066970053e-01
8.990631695930427769e-01
8.990026932111996327e-01
8.989420287876512816e-01
8.988779034026710413e-01
8.988135728986855755e-01
8.987490392594231770e-01
8.986843044604087005e-01
8.986193704114638914e-01
8.985542388997516117e-01
8.984564820925822204e-01
8.983775705206219486e-01
8.982983803492232688e-01
8.982189125480739555e-01
8.981391673662747488e-01
8.980591443055585543e-01
8.979788421205436855e-01
8.978888369854167717e-01
8.978205392669217355e-01
8.977520370235928526e-01
8.976833280356786293e-01
8.976144098693660256e-01
8.975452799281825600e-01
8.974731386538525868e-01
8.974007621728914419e-01
8.973281473931197239e-01
8.972552912984258500e-01
8.971821910119659460e-01
8.971088438571732659e-01
8.970133222086997815e-01
8.969173765521646358e-01
8.968210033605870102e-01
8.967429096137481404e-01
8.966645350020958638e-01
8.965858792285315015e-01
8.965069424491665107e-01
8.964277252438016541e-01
8.963482285732732313e-01
8.962672754812356368e-01
8.961860375778994969e-01
8.961045167005400325e-01
8.960227148176839185e-01
8.959406339472908432e-01
8.958582760745400497e-01
8.957353021087258726e-01
8.956117250716750799e-01
8.955190910472946575e-01
8.954261242220843409e-01
8.953328249787189108e-01
8.952391930438318157e-01
8.951452274723213920e-01
8.950509266585324752e-01
8.949537635309173789e-01
8.948562416868666158e-01
8.947810369150249743e-01
8.947056163053516142e-01
8.946299779398781959e-01
8.945541198166880870e-01
8.944780398876165384e-01
8.943826759214744682e-01
8.942869586089299272e-01
8.941908841980985567e-01
8.940944492185394221e-01
8.939976505690084840e-01
8.939004855927217275e-01
8.938014986687444763e-01
8.937021305418729744e-01
8.936023801248744736e-01
8.935022469207040130e-01
8.934017309976149956e-01
8.933008329437612804e-01
8.932041982904106447e-01
8.931072178657987193e-01
8.930098931342079771e-01
8.929122257169105348e-01
8.928142173072787235e-01
8.927158695843538938e-01
8.925584662049981244e-01
8.924339359118225179e-01
8.923088792031607097e-01
8.921832970114936812e-01
8.920571892591093732e-01
8.919557494995848934e-01
8.918539704047823147e-01
8.917518504471602103e-01
8.916493876945501551e-01
8.915465798531639896e-01
8.914434243235938027e-01
8.913457902906976038e-01
8.912478417905493888e-01
8.911495762223996531e-01
8.910509909670988327e-01
8.909520834459173644e-01
8.908528511774049807e-01
8.907207300226126501e-01
8.905880286094617349e-01
8.904547428258779984e-01
8.903208694514235244e-01
8.901864062251084730e-01
8.900513518609236563e-01
8.899259675869737318e-01
8.898000781320742902e-01
8.897001344018128366e-01
8.895998757503501553e-01
8.894993029500906090e-01
8.893984168597636186e-01
8.892972183788647733e-01
8.891674470894840310e-01
8.890371688774322267e-01
8.889063851968461716e-01
8.887750970966830089e-01
8.886433051147827333e-01
8.885110091949219857e-01
8.883871674624250758e-01
8.882628856725369726e-01
8.881381622253698982e-01
8.880129950450822429e-01
8.878873816248281647e-01
8.877613190888867800e-01
8.876346843395364061e-01
8.875075930662091883e-01
8.873800417733280765e-01
8.872520269510018043e-01
8.871235451718895160e-01
8.869945931832929897e-01
8.868427923083568309e-01
8.866903366501928119e-01
8.865372227148172746e-01
8.863834478341869882e-01
8.862290101973189227e-01
8.860739088331418545e-01
8.859210581956843411e-01
8.858006682174941471e-01
8.856798852419598411e-01
8.855587098424623216e-01
8.854371426861603611e-01
8.853151844808048176e-01
8.851609605266272940e-01
8.850061180647187387e-01
8.848506580019218637e-01
8.846945807924748717e-01
8.845378863311599282e-01
8.843805738745004197e-01
8.842362847999376552e-01
8.840914769360411762e-01
8.839461482267001458e-01
8.838002961899624754e-01
8.836539179738597261e-01
8.835070104281619319e-01
8.833554570443326037e-01
8.832033370995897581e-01
8.830506467795309344e-01
8.828973823523463826e-01
8.827435402728432967e-01
8.825891172760540471e-01
8.824238804212723997e-01
8.822579773183476526e-01
8.820914055741150284e-01
8.819241634147151343e-01
8.817562496741503386e-01
8.815876637509182379e-01
8.814332100521544699e-01
8.812781965326816902e-01
8.811226235974530807e-01
8.809664917692477948e-01
8.808098016023245824e-01
8.806525535951632566e-01
8.803993536090770622e-01
8.802066351381009346e-01
8.800130946394134623e-01
8.798187306567245569e-01
8.796235408862350669e-01
8.794275221742117177e-01
8.792306705691523838e-01
8.790878272898049461e-01
8.789445442859759039e-01
8.788008195025983627e-01
8.786566508042702450e-01
8.785120360174076826e-01
8.783282359104129799e-01
8.781437124816503514e-01
8.779584616795653718e-01
8.777724797987860317e-01
8.775857635657866584e-01
8.773983102022187008e-01
8.772166396241284358e-01
8.770342783852405066e-01
8.768512253826915570e-01
8.766674799153909570e-01
8.764830416211234487e-01
8.762979103970062189e-01
8.761049333654405968e-01
8.759112093555356804e-01
8.757167384706854296e-01
8.755215206508552006e-01
8.753255555638809193e-01
8.751288425130357984e-01
8.749290387255236334e-01
8.747284663253742654e-01
8.745271231068335593e-01
8.743250063441652120e-01
8.741221128285427966e-01
8.739184389310399315e-01
8.737219866737239160e-01
8.735248064648224453e-01
8.733268944786503063e-01
8.731282468811698561e-01
8.729288599258284709e-01
8.727287300435149220e-01
8.724924157747511178e-01
8.722550646173796718e-01
8.720166724719825568e-01
8.717772359996701637e-01
8.715367526126873710e-01
8.712952204112565102e-01
8.710858245237801389e-01
8.708756451081537397e-01
8.706646817228117508e-01
8.704529339857028924e-01
8.702404014762142870e-01
8.699431795359764408e-01
8.696444329302228660e-01
8.694179886265170909e-01
8.691906722326337986e-01
8.689624812715811553e-01
8.687334127831013442e-01
8.685034633501830248e-01
8.682726291548762410e-01
8.680728900985000829e-01
8.678724874517387278e-01
8.676714183494987909e-01
8.674696799041325956e-01
8.672672692587651833e-01
8.670641836392198876e-01
8.667698816475102319e-01
8.664741608879106272e-01
8.662351999950970161e-01
8.659953136984176458e-01
8.657544995748186478e-01
8.655127556097319541e-01
8.652700801516207685e-01
8.650264718434176325e-01
8.648048803236330073e-01
8.645825208455134581e-01
8.643593926491780488e-01
8.641354949254719253e-01
8.639108267557166210e-01
8.636853870567403613e-01
8.634066686313530692e-01
8.631267749679844004e-01
8.628457025022069349e-01
8.625634470256593467e-01
8.622800037165683218e-01
8.619953672128768396e-01
8.617374234826732371e-01
8.614784984777870136e-01
8.612185876320990197e-01
8.609576863773330535e-01
8.606957902393634896e-01
8.604328949276435212e-01
8.601229006546240452e-01
8.598115170735728396e-01
8.594987389059089988e-01
8.591845615765103528e-01
8.588689811733769552e-01
8.585519943519851482e-01
8.582753194864757296e-01
8.579975780534668806e-01
8.577187683369990046e-01
8.574388885664486759e-01
8.571579368200967775e-01
8.568759109374299854e-01
8.565524295137195709e-01
8.562275389551515792e-01
8.559012343287568658e-01
8.555735100330547072e-01
8.552443598503044475e-01
8.549137770454600105e-01
8.546151037939120343e-01
8.543152596593270864e-01
8.540142392686483896e-01
8.537120373154467590e-01
8.534086486576930586e-01
8.531040684030662957e-01
8.527699412203835205e-01
8.524343808149742463e-01
8.520973822434337874e-01
8.517589410772246072e-01
8.514190533409035089e-01
8.510777154140254375e-01
8.507537325601561840e-01
8.504284481652508720e-01
8.501018593874242191e-01
8.497739632260552511e-01
8.494447564216903723e-01
8.491142353735150472e-01
8.487680328794775519e-01
8.484203907559060287e-01
8.480713034484429480e-01
8.477207649263841516e-01
8.473687687520200518e-01
8.470153081777760384e-01
8.466617373888485343e-01
8.463066995759264133e-01
8.459501878789627005e-01
8.455921956201500889e-01
8.452327164045692065e-01
8.448717441958363272e-01
8.445112338113031081e-01
8.441492358003342966e-01
8.437857454137529523e-01
8.434207582351502808e-01
8.430542701020865559e-01
8.426862770070007169e-01
8.422943205300937874e-01
8.419006617583891794e-01
8.415052956294437614e-01
8.411082167110329744e-01
8.407094191015839213e-01
8.403088963686741186e-01
8.399130021613937513e-01
8.395154229267203227e-01
8.391161510766275144e-01
8.387151786741955384e-01
8.383124975482644237e-01
8.379043363002255385e-01
8.374944175369887223e-01
8.370827329519217042e-01
8.366692745121201424e-01
8.362540345368060235e-01
8.358370057475908999e-01
8.354051110686444570e-01
8.349713000524420226e-01
8.345355659700641748e-01
8.340979023517002267e-01
8.336583028498466552e-01
8.332132571602797189e-01
8.327662316240932450e-01
8.323172191915431117e-01
8.318662123708621126e-01
8.314132031554450908e-01
8.309581829863456059e-01
8.304415958323304592e-01
8.299224155476975229e-01
8.295133135956372916e-01
8.291025997497736277e-01
8.286902667437536785e-01
8.282763073147091371e-01
8.278607142782959949e-01
8.272843649393490928e-01
8.267048718378898764e-01
8.262534095222167085e-01
8.258000396855770253e-01
8.253447550585025771e-01
8.248875486031159721e-01
8.244284134362882543e-01
8.239673427326077437e-01
8.235119997866646724e-01
8.230547714405583859e-01
8.225956507844837118e-01
8.221346306091292799e-01
8.216717033538665227e-01
8.212068610783721523e-01
8.206467621509222488e-01
8.200838810479887941e-01
8.195182021203754053e-01
8.190690179532150728e-01
8.186180671283703747e-01
8.181653415580251165e-01
8.177108331940681207e-01
8.172545340865529084e-01
8.166504723599574689e-01
8.160432698966783027e-01
8.154329099252347612e-01
8.148193762259302586e-01
8.142026529991064354e-01
8.135827246714947281e-01
8.130168394361183548e-01
8.124482851279860585e-01
8.118770495613853999e-01
8.113031200992384395e-01
8.107264835632713718e-01
8.101471261875209384e-01
8.095027829720221613e-01
8.088550697416708735e-01
8.082039656402580929e-01
8.076956415828183689e-01
8.071852468947193771e-01
8.066727714769211799e-01
8.061582052810065679e-01
8.056415383619355275e-01
8.049869121531865179e-01
8.043289096626282664e-01
8.036675120297523955e-01
8.030027007394672234e-01
8.023344574845560073e-01
8.016627639886017009e-01
8.009892299534969728e-01
8.003122252153853644e-01
7.996317305411716481e-01
7.989477260099342448e-01
7.982601909348598923e-01
7.975691038518935017e-01
7.967856572714034913e-01
7.961590420147087732e-01
7.955295131262937192e-01
7.948970536253988639e-01
7.942616464618148520e-01
7.936232746152559470e-01
7.928656359167467471e-01
7.921038123785332230e-01
7.913377768249232336e-01
7.905675023885283537e-01
7.897929623748748407e-01
7.890141300707065319e-01
7.882709463130775918e-01
7.875238483737382333e-01
7.867728122368617960e-01
7.860178131895568798e-01
7.852588257399916172e-01
7.844958235943848557e-01
7.835777542789205130e-01
7.828452724600282187e-01
7.821090961418817322e-01
7.813692008046143611e-01
7.806255617647874789e-01
7.798781542907001763e-01
7.790423245817680309e-01
7.782017677851043036e-01
7.773564502344905147e-01
7.765063383630992355e-01
7.756513985659947430e-01
7.747915970177763345e-01
7.739233584302243063e-01
7.730501484371500309e-01
7.721719308562111639e-01
7.712886685100520667e-01
7.704003231517170258e-01
7.695068554661985694e-01
7.683907730809568237e-01
7.675733047724839775e-01
7.667515499848818195e-01
7.659254774567032520e-01
7.650950557165758781e-01
7.642602531696123247e-01
7.632694959586544536e-01
7.622725425546906797e-01
7.612693406996360324e-01
7.602598378179954430e-01
7.592439807784795436e-01
7.582217156238025835e-01
7.570752247496533860e-01
7.559206339522377416e-01
7.547578628084860020e-01
7.538262361149825619e-01
7.528893290711643482e-01
7.519470979025703050e-01
7.509994980552651134e-01
7.500464843107499391e-01
7.490880109068537296e-01
7.475950611861630346e-01
7.464791731466516866e-01
7.453558774181540114e-01
7.442251023025807655e-01
7.430867752701222351e-01
7.419408227174800752e-01
7.407871696904003711e-01
7.395089633484792646e-01
7.382212391570380783e-01
7.369238895162362191e-01
7.356168037244944502e-01
7.342998680484800200e-01
7.329729659316156498e-01
7.318264950576789385e-01
7.306725236700656323e-01
7.295109741431198280e-01
7.283417678219089586e-01
7.271648250380498002e-01
7.259800650630739982e-01
7.243236503858986319e-01
7.231228684886035207e-01
7.219140262358585414e-01
7.206970370062939502e-01
7.194718121816254808e-01
7.182382609960664688e-01
7.168941433823604603e-01
7.155400491833617815e-01
7.141758544620131488e-01
7.128014322851465856e-01
7.114166528653997901e-01
7.100213836907877107e-01
7.082171942728020531e-01
7.067463320374406388e-01
7.052637217355948174e-01
7.037692030782495278e-01
7.022626121466178928e-01
7.007437810111890597e-01
6.992125373271121935e-01
6.970714963717433710e-01
6.954323340388147701e-01
6.937788063721959109e-01
6.921106871508037051e-01
6.904277434114106660e-01
6.887297354820332007e-01
6.870164170139830828e-01
6.843480509870409900e-01
6.825360033354843647e-01
6.807066083651701627e-01
6.788595580981122701e-01
6.769945349236897725e-01
6.751112108172608872e-01
6.732092465493598743e-01
6.709639819334050070e-01
6.691315830717605717e-01
6.672815975237657016e-01
6.654136968847601530e-01
6.635275417479445936e-01
6.616227814274355801e-01
6.596990536303752872e-01
6.573084505816049194e-01
6.548879158706134573e-01
6.529230131764085510e-01
6.509379418352230218e-01
6.489322834036902465e-01
6.469056038512053242e-01
6.448574525693671067e-01
6.427873613674783826e-01
6.404522058171903121e-01
6.380884516666032180e-01
6.356953631355971579e-01
6.332721709241833086e-01
6.308180704074803913e-01
6.283322196037713914e-01
6.257897275316065544e-01
6.232130316155943817e-01
6.206011337278387607e-01
6.179529847422491340e-01
6.152674804468566405e-01
6.125434570968508741e-01
6.090481534605174385e-01
6.064511683425861666e-01
6.038178380903302944e-01
6.011470111925948379e-01
5.984374724930900946e-01
5.956879384244239128e-01
5.928970516758016451e-01
5.890349909239460668e-01
5.850900087709147712e-01
5.810579072170243276e-01
5.769341160908256771e-01
5.727136444660155812e-01
5.696997335449125455e-01
5.666337808766939155e-01
5.635136152069460946e-01
5.603369091596916984e-01
5.571011633233668991e-01
5.538036880714903853e-01
5.508487213450544706e-01
5.478415895280989156e-01
5.447800132746073443e-01
5.416615431345100928e-01
5.384835414681043986e-01
5.352431618088778764e-01
5.324166791082294292e-01
5.295401270380627468e-01
5.266112693796880517e-01
5.236277005131098061e-01
5.205868272525037144e-01
5.174858480949686701e-01
5.148496598617183784e-01
5.121675989693771358e-01
5.094376270419037622e-01
5.066575535243887929e-01
5.038250196754567867e-01
5.009374803047087488e-01
4.984688833376361150e-01
4.959578308656106826e-01
4.934024438225723674e-01
4.908007045835600102e-01
4.881504425964937055e-01
4.854493180241210015e-01
4.831372371824671497e-01
4.807858082421188617e-01
4.783933013363885767e-01
4.759578608091075691e-01
4.734774923782291700e-01
4.709500485520799473e-01
4.687872283821968855e-01
4.665880269412464587e-01
4.643508622800230912e-01
4.620740393899445686e-01
4.597557388800953548e-01
4.573940041401229339e-01
4.553755008059743870e-01
4.533235403892774684e-01
4.512366917700439406e-01
4.491134237267212503e-01
4.469520951245531393e-01
4.447509438162998152e-01
4.426854163240465101e-01
4.405828606514565760e-01
4.384415648775131236e-01
4.362596877275591312e-01
4.340352448192560941e-01
4.317660929683816984e-01
4.300224368538915209e-01
4.282509240502695436e-01
4.264504139845121666e-01
4.246196900903879690e-01
4.227574526534262356e-01
4.208623107217828729e-01
4.192905879547090264e-01
4.176951042359090538e-01
4.160749423420068149e-01
4.144291273389791308e-01
4.127566214237521347e-01
4.110563181356942097e-01
4.096267998073243599e-01
4.081767084349844921e-01
4.067052893134984748e-01
4.052117423947561581e-01
4.036952183846624909e-01
4.021548143759501870e-01
4.008655595169464680e-01
3.995588322675692194e-01
3.982340286800362672e-01
3.968905103381084598e-01
3.955276015050118166e-01
3.941445859408669317e-01
3.929919560397121536e-01
3.918247760519346090e-01
3.906425757981550340e-01
3.894448597153897240e-01
3.882311048407396381e-01
3.870007585675634965e-01
3.859785803803102433e-01
3.849445019693412684e-01
3.838981660879497437e-01
3.828391972893229744e-01
3.817672005382749534e-01
3.806817596702323780e-01
3.797822089438302462e-01
3.788730875499779494e-01
3.779541299316604985e-01
3.770250577790355551e-01
3.760855790939192644e-01
3.751353871536754481e-01
3.743495073259529571e-01
3.735560500420379015e-01
3.727548217592343005e-01
3.719456201734192002e-01
3.711282335994678938e-01
3.703024402863850373e-01
3.696205812926574019e-01
3.689328096162813320e-01
3.682389866791054289e-01
3.675389679840508905e-01
3.668326027104126807e-01
3.661197332672417315e-01
3.655319402258911943e-01
3.649395952895926887e-01
3.643426008019740037e-01
3.637408551646757471e-01
3.631342525758805562e-01
3.625226827421439424e-01
3.620190236004267592e-01
3.615119035241042278e-01
3.610012546693360247e-01
3.604870065983820648e-01
3.599690861121092045e-01
3.594474170655941880e-01
3.590182475405672147e-01
3.585864765620177530e-01
3.581520575952160113e-01
3.577149424157884949e-01
3.572750810031347091e-01
3.568324214231886060e-01
3.564685884698414187e-01
3.561028205712251093e-01
3.557350861702225919e-01
3.553653526183493949e-01
3.549935861082763044e-01
3.546197515996536431e-01
3.543127382419398730e-01
3.540042994782192642e-01
3.536944141241408213e-01
3.533830602953294542e-01
3.530702153648324071e-01
3.527558559163643248e-01
3.524978724894350379e-01
3.522388482071408533e-01
3.519787689757482019e-01
3.517176202550829078e-01
3.514553870317718154e-01
3.511920537898548522e-01
3.509760826912123877e-01
3.507593576040426986e-01
3.505418692262923241e-01
3.503236079725152718e-01
3.501045639570854462e-01
3.498847269757618395e-01
3.497045294276364680e-01
3.495237896568639813e-01
3.493425015669756051e-01
3.491606588822871449e-01
3.489782551373821762e-01
3.487952836655673350e-01
3.486453773743947160e-01
3.484950837181585159e-01
3.483443987259660646e-01
3.481933183139309662e-01
3.480418382785936404e-01
3.478899542896988217e-01
3.477655704600312037e-01
3.476409115496142954e-01
3.475159749860791680e-01
3.473907581259861321e-01
3.472652582507121943e-01
3.471394725619355581e-01
3.470364996822138948e-01
3.469333325168717508e-01
3.468299694074577499e-01
3.467264086509026511e-01
3.466226484969500699e-01
3.465186871453354578e-01
3.464336076623317773e-01
3.463483916319027300e-01
3.462630379892839838e-01
3.461775456417423014e-01
3.460919134669698249e-01
3.460061403113237621e-01
3.459359649388168978e-01
3.458656940253231338e-01
3.457953268897399068e-01
3.457248628334521623e-01
3.456543011393301557e-01
3.455836410706306649e-01
3.455258441566902428e-01
3.454679806631681949e-01
3.454100501557748615e-01
3.453520521892642359e-01
3.452939863068102411e-01
3.452358520393193353e-01
3.451883103273656328e-01
3.451407223877765995e-01
3.450930879444111254e-01
3.450454067142792458e-01
3.449976784071519531e-01
3.449499027251328176e-01
3.449108389285577281e-01
3.448717431415799228e-01
3.448326151890451774e-01
3.447934548915198572e-01
3.447542620650470013e-01
3.447150365208805356e-01
3.446829684646979808e-01
3.446508783371848295e-01
3.446187660274787623e-01
3.445866314220444870e-01
3.445544744045214713e-01
3.445222948555587972e-01
3.444959903960950753e-01
3.444696707504610322e-01
3.444433358486175822e-01
3.444169856188564749e-01
3.443906199877061480e-01
3.443642388798270337e-01
3.443426765069744211e-01
3.443211037112550721e-01
3.442995204484919913e-01
3.442779266734668497e-01
3.442563223398605321e-01
3.442347074001874674e-01
3.442170421896228460e-01
3.441993698416120906e-01
3.441816903283306250e-01
3.441640036213033937e-01
3.441463096913682795e-01
3.441286085086354696e-01
3.441141429763245885e-01
3.440996725664496880e-01
3.440851972615069365e-01
3.440707170435863826e-01
3.440562318943497511e-01
3.440417417950045187e-01
3.440299011323360023e-01
3.440180571427144396e-01
3.440062098151401293e-01
3.439943591383597954e-01
3.439825051008533752e-01
3.439706476908171995e-01
3.439609588589820910e-01
3.439512677617433956e-01
3.439415743921954705e-01
3.439318787432747437e-01
3.439221808077508324e-01
3.439124805782158845e-01
3.439045547537627479e-01
3.438966273891547187e-01
3.438886984800598734e-01
3.438807680220481999e-01
3.438728360105848258e-01
3.438649024410245780e-01
3.438584203527874084e-01
3.438519372189611234e-01
3.438454530368302842e-01
3.438389678036180563e-01
3.438324815164823800e-01
3.438259941725124169e-01
3.438206938817652825e-01
3.438153928821131577e-01
3.438100911718548480e-01
3.438047887492505228e-01
3.437994856125202725e-01
3.437941817598409999e-01
3.437898485177685592e-01
3.437855147956379032e-01
3.437811805923843833e-01
3.437768459069188154e-01
3.437725107381268685e-01
3.437681750848673445e-01
3.437646329353740149e-01
3.437610904611511642e-01
3.437575476615328252e-01
3.437540045358374874e-01
3.437504610833679308e-01
3.437469173034098935e-01
3.437440221518187067e-01
3.437411267807912729e-01
3.437382311899102039e-01
3.437353353787491184e-01
3.437324393468717543e-01
3.437295430938316354e-01
3.437271769879124972e-01
3.437248107338463643e-01
3.437224443313725009e-01
3.437200777802240093e-01
3.437177110801284408e-01
3.437153442308063522e-01
3.437134106453975657e-01
3.437114769600563280e-01
3.437095431746196583e-01
3.437076092889208567e-01
3.437056753027891709e-01
3.437037412160501848e-01
3.437021611901304730e-01
3.437005810968539188e-01
3.436990009361189369e-01
3.436974207078214438e-01
3.436958404118550803e-01
3.436942600481105448e-01
3.436929690007019533e-01
3.436916779079259854e-01
3.436903867697194692e-01
3.436890955860175678e-01
3.436878043567536678e-01
3.436865130818595460e-01
3.436854582080983711e-01
3.436844033038020663e-01
3.436833483689307744e-01
3.436822934034432508e-01
3.436812384072981397e-01
3.436801833804528084e-01
3.436793215115123701e-01
3.436784596220323063e-01
3.436775977119876369e-01
3.436767357813523827e-01
3.436758738301007310e-01
3.436750118582060920e-01
3.436743077008869163e-01
3.436736035297589531e-01
3.436728993448066594e-01
3.436721951460141034e-01
3.436714909333652979e-01
3.436707867068434230e-01
3.436702114138173725e-01
3.436696361115125775e-01
3.436690607999194347e-01
3.436684854790280630e-01
3.436679101488285260e-01
3.436673348093100544e-01
3.436668648088099243e-01
3.436663948020778903e-01
3.436659247891080682e-01
3.436654547698945183e-01
3.436649847444309125e-01
3.436645147127105893e-01
3.436641307397997891e-01
3.436637467627051690e-01
3.436633627814231762e-01
3.436629787959504800e-01
3.436625948062829172e-01
3.436622108124165464e-01
3.436618971250340882e-01
3.436615834348448750e-01
3.436612697418465756e-01
3.436609560460361923e-01
3.436606423474114491e-01
3.436603286459697926e-01
3.436600723844697169e-01
3.436598161210866476e-01
3.436595598558189746e-01
3.436593035886655323e-01
3.436590473196248774e-01
3.436587910486952335e-01
3.436585816988788067e-01
3.436583723478000563e-01
3.436581629954577055e-01
3.436579536418511438e-01
3.436577442869790389e-01
3.436575349308407246e-01
3.436573639077897813e-01
3.436571928838927370e-01
3.436570218591489811e-01
3.436568508335577365e-01
3.436566798071183926e-01
3.436565087798303941e-01
3.436563690680530803e-01
3.436562293557080539e-01
3.436560896427954814e-01
3.436559499293151410e-01
3.436558102152666438e-01
3.436556705006497126e-01
3.436555563660236845e-01
3.436554422310177381e-01
3.436553280956315404e-01
3.436552139598650912e-01
3.436550998237180021e-01
3.436549856871902175e-01
3.436548924501038882e-01
3.436547992127628182e-01
3.436547059751671185e-01
3.436546127373167892e-01
3.436545194992116081e-01
3.436544262608515199e-01
3.436543500941116047e-01
3.436542739272017699e-01
3.436541977601216824e-01
3.436541215928710646e-01
3.436540454254496946e-01
3.436539692578574612e-01
3.436539070387393813e-01
3.436538448195071149e-01
3.436537826001607177e-01
3.436537203807001339e-01
3.436536581611254748e-01
3.436535959414364627e-01
3.436535451129108520e-01
3.436534942843085805e-01
3.436534434556298701e-01
3.436533926268748318e-01
3.436533417980434102e-01
3.436532909691354942e-01
3.436532494462685716e-01
3.436532079233507453e-01
3.436531664003820707e-01
3.436531248773621039e-01
3.436530833542909558e-01
3.436530418311687374e-01
3.436530079122999681e-01
3.436529739933967265e-01
3.436529400744592899e-01
3.436529061554876030e-01
3.436528722364818322e-01
3.436528383174417556e-01
3.436528106079240752e-01
3.436527828983838018e-01
3.436527551888208243e-01
3.436527274792347542e-01
3.436526997696259245e-01
3.436526720599942242e-01
3.436526494253839270e-01
3.436526267907586418e-01
3.436526041561179245e-01
3.436525815214619417e-01
3.436525588867906378e-01
3.436525362521040683e-01
3.436525177615342153e-01
3.436524992709540371e-01
3.436524807803634785e-01
3.436524622897628167e-01
3.436524437991518299e-01
3.436524253085306846e-01
3.436524102028953864e-01
3.436523950972525943e-01
3.436523799916029187e-01
3.436523648859463598e-01
3.436523497802831395e-01
3.436523346746130358e-01
3.436523223335330446e-01
3.436523099924485014e-01
3.436522976513594618e-01
3.436522853102658148e-01
3.436522729691675604e-01
3.436522606280648651e-01
3.436522505480090195e-01
3.436522404679498433e-01
3.436522303878876694e-01
3.436522203078224424e-01
3.436522102277542179e-01
3.436522001476829402e-01
3.436521919129416625e-01
3.436521836781987194e-01
3.436521754434539999e-01
3.436521672087071710e-01
3.436521589739580662e-01
3.436521507392070740e-01
3.436521440137476069e-01
3.436521372882873626e-01
3.436521305628260636e-01
3.436521238373632103e-01
3.436521171118988027e-01
3.436521103864331739e-01
3.436521048932484335e-01
3.436520994000633600e-01
3.436520939068774538e-01
3.436520884136905485e-01
3.436520829205025329e-01
3.436520774273136847e-01
3.436520729396597140e-01
3.436520684520049107e-01
3.436520639643493302e-01
3.436520594766931391e-01
3.436520549890365039e-01
3.436520505013791471e-01
3.436520468334786638e-01
3.436520431655785135e-01
3.436520394976780857e-01
3.436520358297771027e-01
3.436520321618757312e-01
3.436520284939738601e-01
3.436520254996531243e-01
3.436520225053316668e-01
3.436520195110096543e-01
3.436520165166874752e-01
3.436520135223652406e-01
3.436520105280426174e-01
3.436520080793399323e-01
3.436520056306364701e-01
3.436520031819325638e-01
3.436520007332286020e-01
3.436519982845245291e-01
3.436519958358203453e-01
3.436519938348986947e-01
3.436519918339768775e-01
3.436519898330548384e-01
3.436519878321326882e-01
3.436519858312103715e-01
3.436519838302880547e-01
3.436519821969759581e-01
3.436519805636637503e-01
3.436519789303513206e-01
3.436519772970388353e-01
3.436519756637264056e-01
3.436519740304138093e-01
3.436519726964264443e-01
3.436519713624386352e-01
3.436519700284507706e-01
3.436519686944629060e-01
3.436519673604749303e-01
3.436519660264870102e-01
3.436519649361829409e-01
3.436519638458781500e-01
3.436519627555734702e-01
3.436519616652686238e-01
3.436519605749638884e-01
3.436519594846590975e-01
3.436519585934333376e-01
3.436519577022074667e-01
3.436519568109813738e-01
3.436519559197552809e-01
3.436519550285292990e-01
3.436519541373033171e-01
3.436519534101304396e-01
3.436519526829571736e-01
3.436519519557839075e-01
3.436519512286106415e-01
3.436519505014373199e-01
3.436519497742640539e-01
3.436519491799140402e-01
3.436519485855635825e-01
3.436519479912127917e-01
3.436519473968622784e-01
3.436519468025117652e-01
3.436519462081611409e-01
3.436519457221575147e-01
3.436519452361536664e-01
3.436519447501497071e-01
3.436519442641459698e-01
3.436519437781420661e-01
3.436519432921382733e-01
3.436519428957990896e-01
3.436519424994601835e-01
3.436519421031214439e-01
3.436519417067826487e-01
3.436519413104437426e-01
3.436519409141048365e-01
3.436519405918077585e-01
3.436519402695105696e-01
3.436519399472133252e-01
3.436519396249161362e-01
3.436519393026190028e-01
3.436519389803218139e-01
3.436519387162231820e-01
3.436519384521246612e-01
3.436519381880260848e-01
3.436519379239274530e-01
3.436519376598289321e-01
3.436519373957302448e-01
3.436519371801255440e-01
3.436519369645206767e-01
3.436519367489156984e-01
3.436519365333108311e-01
3.436519363177059083e-01
3.436519361021009300e-01
3.436519359254142647e-01
3.436519357487270443e-01
3.436519355720396574e-01
3.436519353953522704e-01
3.436519352186650500e-01
3.436519350419778296e-01
3.436519348966181608e-01
3.436519347512588252e-01
3.436519346058997115e-01
3.436519344605404314e-01
3.436519343151811512e-01
3.436519341698218155e-01
3.436519340532479538e-01
3.436519339366741477e-01
3.436519338201000640e-01
3.436519337035261468e-01
3.436519335869523406e-01
3.436519334703784234e-01
3.436519333741740456e-01
3.436519332779696678e-01
3.436519331817653455e-01
3.436519330855611343e-01
3.436519329893568120e-01
3.436519328931525452e-01
3.436519328150396957e-01
3.436519327369273458e-01
3.436519326588152734e-01
3.436519325807030345e-01
3.436519325025906846e-01
3.436519324244783902e-01
3.436519323616817334e-01
3.436519322988850211e-01
3.436519322360880868e-01
3.436519321732912635e-01
3.436519321104943847e-01
3.436519320476975614e-01
3.436519319947707873e-01
3.436519319418436247e-01
3.436519318889162955e-01
3.436519318359891328e-01
3.436519317830620812e-01
3.436519317301349186e-01
3.436519316862561291e-01
3.436519316423773396e-01
3.436519315984986056e-01
3.436519315546198716e-01
3.436519315107411376e-01
3.436519314668623482e-01
3.436519314321205276e-01
3.436519313973784850e-01
3.436519313626364425e-01
3.436519313278943999e-01
3.436519312931524683e-01
3.436519312584104258e-01
3.436519312292884987e-01
3.436519312001665716e-01
3.436519311710445335e-01
3.436519311419224953e-01
3.436519311128005683e-01
3.436519310836785301e-01
3.436519310603600719e-01
3.436519310370418911e-01
3.436519310137237659e-01
3.436519309904057518e-01
3.436519309670875155e-01
3.436519309437693348e-01
3.436519309255743337e-01
3.436519309073796102e-01
3.436519308891849978e-01
3.436519308709903298e-01
3.436519308527956063e-01
3.436519308346008827e-01
3.436519308200594036e-01
3.436519308055176469e-01
3.436519307909755572e-01
3.436519307764336340e-01
3.436519307618917107e-01
3.436519307473498985e-01
3.436519307306856175e-01
3.436519307197465345e-01
3.436519307088073405e-01
3.436519306978680355e-01
3.436519306869286750e-01
3.436519306759895920e-01
3.436519306650502315e-01
3.436519306622525805e-01
3.436519306603285084e-01
3.436519306584041034e-01
3.436519306564797538e-01
3.436519306545554597e-01
3.436519306526312212e-01
3.436519306507069826e-01
3.436519306485911751e-01
3.436519306464759227e-01
3.436519306443607813e-01
3.436519306422454734e-01
3.436519306401301099e-01
3.436519306374584137e-01
3.436519306347868286e-01
3.436519306321152989e-01
3.436519306294437692e-01
3.436519306227739379e-01
3.436519306161035514e-01
3.436519306117156725e-01
3.436519306073275715e-01
3.436519306029394150e-01
3.436519305985512585e-01
3.436519305940721747e-01
3.436519305895934240e-01
3.436519305851145623e-01
3.436519305806357560e-01
3.436519305761570053e-01
3.436519305706847716e-01
3.436519305652127598e-01
3.436519305597408036e-01
3.436519305542687919e-01
3.436519305487967246e-01
3.436519305448454964e-01
3.436519305408942682e-01
3.436519305369430399e-01
3.436519305329918117e-01
3.436519305290405835e-01
3.436519305250893552e-01
3.436519305213672215e-01
3.436519305176451988e-01
3.436519305139231206e-01
3.436519305102012090e-01
3.436519305064791863e-01
3.436519305027571636e-01
3.436519304990064971e-01
3.436519304952557752e-01
3.436519304915051087e-01
3.436519304877544978e-01
3.436519304840037758e-01
3.436519304800118024e-01
3.436519304772233108e-01
3.436519304744347636e-01
3.436519304716463274e-01
3.436519304688577248e-01
3.436519304660692331e-01
3.436519304632806304e-01
3.436519304609098602e-01
3.436519304585392010e-01
3.436519304561684862e-01
3.436519304537976605e-01
3.436519304514270567e-01
3.436519304490562310e-01
3.436519304464202285e-01
3.436519304447102074e-01
3.436519304436837507e-01
3.436519304426571830e-01
3.436519304416305598e-01
3.436519304406039921e-01
3.436519304395773133e-01
3.436519304381615014e-01
3.436519304367458560e-01
3.436519304353300441e-01
3.436519304339142877e-01
3.436519304318130796e-01
3.436519304303878308e-01
3.436519304289625820e-01
3.436519304275373887e-01
3.436519304261120289e-01
3.436519304246867246e-01
3.436519304237030115e-01
3.436519304234737504e-01
3.436519304232446004e-01
3.436519304230154503e-01
3.436519304227862448e-01
3.436519304225570393e-01
3.436519304223277782e-01
3.436519304219861071e-01
3.436519304219070592e-01
3.436519304218617066e-01
3.436519304218165205e-01
3.436519304217711124e-01
3.436519304217257598e-01
3.436519304216804072e-01
3.436519304216325565e-01
3.436519304215848725e-01
3.436519304215371884e-01
3.436519304214893933e-01
