2.310266372895499496e-35
4.609088759108963744e-11
9.218175269709709266e-11
5.530884237851788891e-10
1.013992840955003143e-09
2.431513399018293219e-09
3.849012863515519309e-09
5.266490734731713217e-09
9.178476197276882503e-09
1.309029579194324933e-08
1.700194947029197813e-08
4.471868727307838079e-08
7.242710998680278261e-08
1.001272320016345635e-07
1.679673753777342319e-07
2.357579862362525914e-07
3.034992854450180724e-07
3.711914922103606222e-07
6.167920137384187620e-07
8.617573220827303783e-07
1.106097624593214385e-06
1.349822987559352430e-06
2.234252434450769733e-06
3.111090471194848927e-06
3.980783639776163090e-06
4.843757948578717928e-06
5.700419991353632735e-06
6.627389804109527427e-06
7.547800700261227046e-06
8.462108572855434684e-06
9.370747481588027734e-06
1.027413086877550629e-05
1.117265272573945989e-05
1.255398041072399324e-05
1.392587744912677265e-05
1.528956309572953822e-05
1.664617305290829634e-05
1.799676620045249898e-05
1.934233072801316792e-05
2.056770191856994052e-05
2.179030838777719806e-05
2.301077080471750335e-05
2.422967374284499341e-05
2.544756816879090074e-05
2.666497373496998940e-05
2.794269931614550649e-05
2.922096115834510512e-05
3.050026324238329457e-05
3.178108086032956710e-05
3.306386255155348237e-05
3.434903188836063758e-05
3.575082135976741953e-05
3.715639882397176721e-05
3.856622247219656537e-05
3.998072403907863809e-05
4.140031060806645164e-05
4.282536627481321116e-05
4.436406673913435118e-05
4.590993336890790980e-05
4.746336625668425848e-05
4.902474234664932459e-05
5.059441701359980291e-05
5.217272551923406756e-05
5.387350282410909550e-05
5.558491887258392610e-05
5.730731910078594113e-05
5.904102898681782142e-05
6.078635540792921903e-05
6.254358789261502897e-05
6.444201554609337447e-05
6.635477418182591451e-05
6.828216326319168372e-05
7.022446495208060436e-05
7.218194528266623521e-05
7.415485524370663299e-05
7.628964010430429267e-05
7.844274539891698010e-05
8.061443110950568995e-05
8.280494218766835436e-05
8.501450957145944664e-05
8.724335112245442650e-05
8.965676357757913306e-05
9.209284672477135048e-05
9.455182610421922120e-05
9.703391420689091214e-05
9.953931135285063001e-05
1.020682065012308278e-04
1.045787804173324429e-04
1.071124219409399380e-04
1.096692828240574373e-04
1.122495067088205887e-04
1.148532296360925371e-04
1.174805805233086438e-04
1.203028055824615386e-04
1.231520697817653704e-04
1.260285051363072202e-04
1.289322366185168586e-04
1.318633825975138319e-04
1.348220552427585464e-04
1.386776633690095994e-04
1.425794243344401084e-04
1.465275387894647324e-04
1.505221946353897482e-04
1.545635679442578165e-04
1.586518237332136343e-04
1.631238651615422505e-04
1.676510484664476229e-04
1.722335447010513154e-04
1.768715140049283228e-04
1.815651063384626806e-04
1.863144621545467880e-04
1.909901230041311177e-04
1.957188354144773950e-04
2.005007066350204033e-04
2.053358375917021714e-04
2.102243233077362807e-04
2.151662533240050355e-04
2.210400898900493813e-04
2.269879242321347270e-04
2.330098763534755777e-04
2.391060586062458844e-04
2.452765762191243368e-04
2.515215277118739204e-04
2.577889509274242119e-04
2.641297690958033652e-04
2.705440615084391334e-04
2.770319026639895730e-04
2.835933625608662106e-04
2.902285069968440980e-04
2.973741166317034161e-04
3.046033968792197797e-04
3.119164135572491284e-04
3.193132284751506881e-04
3.267938996819877906e-04
3.343584816848152843e-04
3.426169780855268100e-04
3.509733369918684133e-04
3.594276148494859944e-04
3.679798645765790526e-04
3.766301357571574999e-04
3.853784748037248427e-04
3.948816905997102060e-04
4.044980836384892437e-04
4.142277008195032633e-04
4.240705859926037491e-04
4.340267801033485177e-04
4.440963213206490143e-04
4.550190083498813621e-04
4.660720861803531565e-04
4.772555926973532162e-04
4.885695631667985725e-04
5.000140303444328181e-04
5.115890245709130233e-04
5.241515303184109738e-04
5.368643165203499301e-04
5.497274126685896926e-04
5.627408460113795998e-04
5.759046416230349970e-04
5.892188224649049606e-04
6.024615939301503856e-04
6.158499018348672195e-04
6.293837629712533029e-04
6.430631926547130707e-04
6.568882047983375799e-04
6.708588120191803913e-04
6.858860079919181342e-04
7.010781132018313166e-04
7.164351386038618616e-04
7.319570939310697218e-04
7.476439877509547969e-04
7.634958274928014882e-04
7.841759642120404170e-04
8.051302818234541518e-04
8.263587884121961161e-04
8.478614904305103225e-04
8.696383926224546734e-04
8.916894975592396660e-04
9.158308051688779329e-04
9.402924183501907684e-04
9.650743329607258409e-04
9.901765435127139487e-04
1.015599042798892094e-03
1.041341821544790628e-03
1.066698475128068221e-03
1.092358360764916292e-03
1.118321465996906889e-03
1.144587777122004196e-03
1.171157279220633087e-03
1.198029956363632145e-03
1.229981503118367930e-03
1.262351275694106314e-03
1.295139243268084769e-03
1.328345374304534289e-03
1.361969636392975627e-03
1.396011995713658180e-03
1.430183697550102551e-03
1.464766491406757241e-03
1.499760341061801786e-03
1.535165209525019741e-03
1.570981058891890436e-03
1.607207850375978872e-03
1.646225041352381664e-03
1.685707855612623551e-03
1.725656243808301998e-03
1.766070156100168825e-03
1.806949542058203847e-03
1.848294350509934337e-03
1.893432293425553617e-03
1.939112090875974494e-03
1.985333676027154978e-03
2.032096981837569309e-03
2.079401940809907662e-03
2.127248484675947366e-03
2.179220620646029737e-03
2.231816861852113729e-03
2.285037121521258947e-03
2.338881312823610885e-03
2.393349348529909271e-03
2.448441140660414291e-03
2.508193928050076165e-03
2.568663355599366035e-03
2.629849312878627596e-03
2.691751689522872866e-03
2.754370374846151857e-03
2.817705257454854086e-03
2.886432770682228945e-03
2.955983945266163222e-03
3.026358641906475716e-03
3.097556721520247636e-03
3.169578044771490920e-03
3.242422471619140455e-03
3.314862099495934945e-03
3.388097500945027284e-03
3.462128541949491441e-03
3.536955088167358444e-03
3.612577004851822565e-03
3.688994156980274827e-03
3.771173390035425024e-03
3.854252552929253450e-03
3.938231482138813619e-03
4.023110014202010976e-03
4.108887985603691846e-03
4.195565232533907118e-03
4.308616659282811859e-03
4.423161569456041456e-03
4.539199607370976268e-03
4.656730420708609861e-03
4.775753659190074690e-03
4.896268971213478191e-03
5.028167184271497420e-03
5.161806623725212657e-03
5.297186841280772211e-03
5.434307391816696475e-03
5.573167830573708299e-03
5.713767710557232649e-03
5.852211252007771813e-03
5.992300042790955558e-03
6.134033671312598933e-03
6.277411725224802189e-03
6.422433791165369291e-03
6.569099455515143085e-03
6.743425584889833554e-03
6.920016930020470546e-03
7.098872817849396707e-03
7.279992578849820394e-03
7.463375545612912013e-03
7.649021049461990698e-03
7.835301240879598630e-03
8.023803871245164046e-03
8.214528287482250266e-03
8.407473836940133893e-03
8.602639866301421689e-03
8.800025721477958487e-03
9.012533217835193983e-03
9.227553466309983132e-03
9.445085677637908225e-03
9.665129063777470886e-03
9.887682837118209889e-03
1.011274620942911699e-02
1.035836150573528867e-02
1.060689567481538920e-02
1.085834772490759485e-02
1.111271666660260289e-02
1.137000151128028658e-02
1.163020126920518912e-02
1.191272015113069294e-02
1.219859466700153050e-02
1.248782359092326030e-02
1.278040569975030447e-02
1.307633977104929145e-02
1.337562458103348090e-02
1.370009233820335473e-02
1.402840577599175596e-02
1.436056338600895550e-02
1.469656366290444244e-02
1.503640510213009700e-02
1.538008619771286459e-02
1.575286985059336231e-02
1.613006461444405418e-02
1.651166863067396809e-02
1.689768004425873382e-02
1.728809700107793168e-02
1.768291764536339405e-02
1.807537858113283241e-02
1.847209253111656291e-02
1.887305773267636266e-02
1.927827242298566293e-02
1.968773483852616010e-02
2.010144321570733750e-02
2.054617399393524405e-02
2.099570501235229619e-02
2.145003414817520451e-02
2.190915928038008470e-02
2.237307828902566562e-02
2.284178905389662798e-02
2.345288558348190833e-02
2.407193207071008437e-02
2.469892396029879297e-02
2.533385671780565007e-02
2.597672582239346495e-02
2.662752674871987635e-02
2.733951142987105926e-02
2.806074233006252555e-02
2.879121372744164811e-02
2.953091991987500872e-02
3.027985520983744738e-02
3.103801389045949405e-02
3.178430062730091404e-02
3.253930296112796799e-02
3.330301564531280845e-02
3.407543343199708613e-02
3.485655107021127380e-02
3.564636330914736084e-02
3.658491171870224823e-02
3.753543351414107693e-02
3.849792018414733424e-02
3.947236323945626374e-02
4.045875420500628233e-02
4.145708460169501841e-02
4.245876424285675854e-02
4.347216588760063893e-02
4.449728126955311558e-02
4.553410212711085647e-02
4.658262019752964361e-02
4.764282721631212664e-02
4.878436202642547070e-02
4.993912547270299568e-02
5.110710758748000099e-02
5.228829841254794414e-02
5.348268799484128672e-02
5.469026638072621571e-02
5.600852899813986430e-02
5.734213411128347843e-02
5.869106920135962885e-02
6.005532176591377169e-02
6.143487931034183336e-02
6.282972933754420175e-02
6.434518321593328538e-02
6.587825517522899466e-02
6.742892972426740850e-02
6.899719139149557146e-02
7.058302471384143850e-02
7.218641422538092656e-02
7.392653604308473125e-02
7.568683795955022386e-02
7.746730086908069912e-02
7.926790568874912679e-02
8.108863334602761652e-02
8.292946476639126430e-02
8.492934092266438140e-02
8.695237109401759978e-02
8.899853164581338072e-02
9.106779897134245627e-02
9.316014947685173631e-02
9.527555956707331464e-02
9.738318390679570613e-02
9.951316585373708168e-02
1.016654828398626392e-01
1.038401123039842250e-01
1.060370316885384662e-01
1.082562184426177493e-01
1.106489201799610717e-01
1.130669263235448835e-01
1.155102094957126402e-01
1.179787423390180473e-01
1.204724975119229047e-01
1.229914476806034662e-01
1.262884104049485645e-01
1.296274577099854608e-01
1.330085303339434699e-01
1.364315691658528895e-01
1.398965152027518977e-01
1.434033094420508192e-01
1.472639656768419958e-01
1.511739575719013573e-01
1.551332092762248982e-01
1.591416450995380150e-01
1.631991894197352966e-01
1.673057665954189865e-01
1.713843901518322388e-01
1.755101142305622863e-01
1.796828674295224415e-01
1.839025783816596316e-01
1.881691757350736627e-01
1.924825881703326469e-01
1.971902457465741498e-01
2.019522591408679235e-01
2.067685388544944491e-01
2.116389954849715038e-01
2.165635397095025394e-01
2.215420822511172672e-01
2.270680631567175423e-01
2.326588595004539239e-01
2.383143534356674254e-01
2.440344272901762146e-01
2.498189635116683516e-01
2.556678445963620483e-01
2.621319688249678093e-01
2.686726179741845133e-01
2.752896390386290193e-01
2.819828792533152217e-01
2.887521860115702665e-01
2.955974067779872927e-01
3.031885894303096296e-01
3.108706202491734460e-01
3.186432987004811368e-01
3.265064245858496639e-01
3.344597979360700579e-01
3.425032188976733782e-01
3.514821777015839643e-01
3.605702473829878740e-01
3.697671601522510842e-01
3.790726487155788305e-01
3.884864461281116177e-01
3.980082856306536576e-01
4.087101010453277339e-01
4.195444988080713755e-01
4.305111144574132465e-01
4.416095843282248912e-01
4.528395452860732306e-01
4.642006344682194641e-01
4.770638466460029870e-01
4.900901681030720436e-01
5.032790926627364048e-01
5.166301153624539566e-01
5.301427320957068368e-01
5.438164392298066030e-01
5.581115739515661867e-01
5.725775530374291877e-01
5.872138234900021736e-01
6.020198333460087259e-01
6.169950314457339768e-01
6.321388673271400860e-01
6.493359076495340831e-01
6.667439114149114054e-01
6.843621038877306662e-01
7.021897122467375407e-01
7.202259652656279876e-01
7.384700928708390899e-01
7.595286560481486759e-01
7.808554288852849190e-01
8.024492749821831028e-01
8.243090615077401928e-01
8.464336584607754510e-01
8.688219377244129626e-01
8.971186080460354928e-01
9.258216768007812014e-01
9.549289660792117385e-01
9.844383086740595701e-01
1.014347545710063692e+00
1.044654522578249312e+00
1.084118506336116283e+00
1.124229146087783793e+00
1.164981918789196991e+00
1.206372337566670838e+00
1.248395942031767847e+00
1.291048281213931226e+00
1.337986563317409061e+00
1.385652710960032952e+00
1.434041111696203297e+00
1.483146191495767541e+00
1.532962400929338553e+00
1.583484205222692065e+00
1.644206553782789237e+00
1.674932901205139268e+00
1.705901200116085370e+00
1.737110326859421461e+00
1.768559149850880141e+00
1.800246538753739411e+00
1.832171372426955269e+00
1.905990260384201607e+00
1.981029364510401347e+00
2.057275481846565501e+00
2.134715408925246471e+00
2.213336062445010466e+00
2.253085142645862238e+00
2.293124613946149637e+00
2.333452881569659798e+00
2.374068339624204160e+00
2.414969389916975295e+00
2.456154450913082155e+00
2.482587961146764943e+00
2.509136111379391298e+00
2.535798492435841656e+00
2.562574696735637314e+00
2.589464317992178355e+00
2.701033074062730410e+00
2.729219625432516505e+00
2.757523036750002987e+00
2.785942870424502615e+00
2.814478698427744785e+00
2.843130094128225593e+00
2.935792189494468740e+00
2.959140992003749471e+00
2.982562706760071070e+00
3.006057126788697964e+00
3.029624031554825958e+00
3.050585824292545212e+00
3.071604305389127543e+00
3.092679324290382059e+00
3.113810730591550779e+00
3.139785039594552352e+00
3.165843537212467584e+00
3.191985947080985486e+00
3.218211993794712900e+00
3.364226712568527677e+00
3.382654318947433847e+00
3.401120680810859387e+00
3.419625707135831139e+00
3.438169310644066723e+00
3.456751404399869276e+00
3.485641099344507499e+00
3.514622799264814024e+00
3.543696176685501520e+00
3.572860905970757450e+00
3.721107018689887358e+00
3.758524486939047726e+00
3.796083023070751850e+00
3.833781980859960470e+00
3.871620731426490991e+00
3.909598648748005445e+00
4.038431495358719481e+00
4.054644662559697466e+00
4.070881925743872642e+00
4.087143244872834202e+00
4.103428574057284450e+00
4.141625057601535431e+00
4.179952123220197713e+00
4.218409184908201048e+00
4.256995660225845413e+00
4.380978783081768135e+00
4.412177211105449359e+00
4.443456153376500239e+00
4.474815329888861548e+00
4.506254447600631430e+00
4.537285971015508679e+00
4.568394424832444400e+00
4.599579535056156132e+00
4.630841028399801829e+00
4.668099714027513336e+00
4.705465480113870669e+00
4.742937870361934038e+00
4.780516430409916140e+00
5.029622406772503496e+00
5.061074331511978386e+00
5.092595120911424189e+00
5.124184523400672653e+00
5.155842300116039389e+00
5.187568213659340621e+00
5.227961564029044439e+00
5.268463947084272014e+00
5.309074871415967678e+00
5.349793849070698215e+00
5.405231214194331280e+00
5.460865522654803961e+00
5.516695571445370483e+00
5.572720161860980959e+00
5.628938100726799121e+00
5.884086597913867678e+00
5.916248107080829044e+00
5.948468460346819420e+00
5.980747448808862998e+00
6.013084870077083366e+00
6.045480522942558999e+00
6.090364427680645676e+00
6.135358713772328443e+00
6.180462848963787614e+00
6.225676304495317837e+00
6.286701527723042915e+00
6.347922556602296318e+00
6.409338122085380007e+00
6.470946960772615775e+00
6.532747815953675818e+00
6.826379617108793596e+00
6.863374826082511149e+00
6.900433911603231607e+00
6.937556622668738626e+00
6.974742715859265196e+00
7.011991949291562776e+00
7.061480239870160602e+00
7.111078547576951792e+00
7.160786309271034433e+00
7.210602965775450457e+00
7.248125441627166765e+00
7.285708912542044224e+00
7.323353144337788834e+00
7.361057903365051835e+00
7.398822956583788191e+00
7.688455240946301394e+00
7.981472786177007173e+00
8.018333120420074067e+00
8.055244614385022928e+00
8.092207074519553345e+00
8.129220315511142658e+00
8.166284153333227991e+00
8.269973176368049295e+00
8.374050664762663132e+00
8.478512635852050394e+00
8.583355171345944612e+00
8.843747580199154967e+00
8.909197676002014177e+00
8.974786776328194549e+00
9.040513998485000258e+00
9.106378480420445953e+00
9.172379366344006968e+00
9.230104167517525937e+00
9.287931688951452713e+00
9.345861367370718042e+00
9.403892643998537082e+00
9.475096431294206312e+00
9.546450742643891374e+00
9.617954574943670565e+00
9.689606931738937945e+00
9.761406823706257896e+00
1.017338348725866837e+01
1.022520650085563432e+01
1.027710079561808421e+01
1.032906603161294434e+01
1.038110187754381464e+01
1.043320800488131184e+01
1.055182309622981585e+01
1.067079524752168851e+01
1.079012068019403436e+01
1.090979568537917288e+01
1.122860974486357577e+01
1.130868515855435064e+01
1.138890726170370193e+01
1.146927504030685796e+01
1.154978750643812013e+01
1.163044368208408841e+01
1.187833384487204746e+01
1.212753422411775439e+01
1.237801789284134202e+01
1.262975923570016512e+01
1.271758180149505968e+01
1.280555246177745410e+01
1.289367026164953245e+01
1.298193422553840470e+01
1.307034335357771404e+01
1.343015174152732705e+01
1.355984586907645983e+01
1.368983403920493203e+01
1.382011358007683910e+01
1.395068175006338329e+01
1.422956486550125810e+01
1.450971745797498613e+01
1.479111531217427356e+01
1.507373565541603710e+01
1.519134629239423084e+01
1.530916215501246036e+01
1.542718182439110386e+01
1.554540387034656312e+01
1.566382684308611850e+01
1.596901856852600154e+01
1.627550322307963881e+01
1.658325861117583955e+01
1.689226422827794494e+01
1.711865586788935190e+01
1.734569679743813708e+01
1.757338032849050080e+01
1.780169993546502383e+01
1.803064927913759163e+01
1.848506097411501514e+01
1.871316728508861971e+01
1.894186726091617246e+01
1.917115624988892719e+01
1.940102985170380734e+01
1.963148393105607781e+01
2.012541135759083488e+01
2.037335012905484533e+01
2.062193375430490860e+01
2.087115876211139920e+01
2.112102204942296169e+01
2.137152082611006421e+01
2.175625659938575751e+01
2.214246842311830221e+01
2.253015009419626935e+01
2.291929685254247318e+01
2.311441852518548146e+01
2.330990529429933744e+01
2.350575696239609513e+01
2.370197342595861656e+01
2.389855465788534161e+01
2.422137155559826738e+01
2.426179250243249186e+01
2.430222875871071508e+01
2.434268032684491700e+01
2.438314720799183632e+01
2.444479791456634388e+01
2.446021614078938811e+01
2.447563658722598134e+01
2.449105925402588113e+01
2.450648414132349728e+01
2.460897100143852967e+01
2.471155583277883139e+01
2.481423868720490944e+01
2.491701962253635827e+01
2.516246849147912812e+01
2.540847624754973566e+01
2.565504401714251870e+01
2.590217307364575561e+01
2.614986483931779304e+01
2.661516588155621932e+01
2.708245697571184252e+01
2.731685288254841026e+01
2.755175140303811432e+01
2.778715443421875264e+01
2.802306396463035298e+01
2.825948207073611940e+01
2.849641091331974962e+01
2.918558610732119973e+01
2.953180573640177187e+01
2.987912360462208738e+01
3.022754774764720764e+01
3.057708647262808910e+01
3.092774834242402449e+01
3.127954216227283624e+01
3.204639786760751718e+01
3.281871520045258706e+01
3.320695282665948866e+01
3.359659336303802490e+01
3.398764972136760321e+01
3.438013492388758152e+01
3.477406211595514662e+01
3.516944457744016006e+01
3.593301251056877277e+01
3.670209433178695946e+01
3.747678592352689009e+01
3.825718309759915314e+01
3.904338137051123425e+01
3.983547564726213608e+01
4.061063100830915573e+01
4.139152274940807530e+01
4.217823376859394102e+01
4.297084512605228213e+01
4.376943584344653004e+01
4.457408266101116112e+01
4.534184060253058846e+01
4.611515873069455296e+01
4.689409570236036728e+01
4.767870784492174607e+01
4.846904907112852356e+01
4.926517081273562582e+01
5.003166020354561994e+01
5.059455025937521100e+01
5.087707253362687254e+01
5.105282465624635080e+01
5.122885492317267619e+01
5.140516375658703652e+01
5.158175157298928326e+01
5.175861878311495445e+01
5.193576579187043762e+01
5.250884719178215221e+01
5.308485443880113763e+01
5.366379987554053344e+01
5.424569522734154248e+01
5.483055160499142033e+01
5.541837950529583878e+01
5.648261739032822959e+01
5.755654244305932821e+01
5.864020105162753538e+01
5.973363371454138360e+01
6.083687524440716032e+01
6.194995493968336575e+01
6.297157082483611390e+01
6.400137040119069809e+01
6.503936489917221309e+01
6.608556246674029921e+01
6.713996835454896939e+01
6.820258511574506599e+01
6.926311391158697006e+01
7.033169488184267948e+01
7.140832382462798478e+01
7.249299469458222234e+01
7.358569979394445681e+01
7.468642996002650136e+01
7.577967238241636494e+01
7.688069658839553711e+01
7.798949062092165718e+01
7.910604179464019126e+01
8.023033684862915038e+01
8.136236209237922878e+01
8.248045116799937659e+01
8.360595365859363426e+01
8.473885617929506964e+01
8.587914541830353699e+01
8.702680823773049212e+01
8.818183176731709239e+01
8.932324071243989749e+01
9.047172455412143677e+01
9.162727230987324845e+01
9.278987352183266069e+01
9.395951830929352866e+01
9.513619741459221757e+01
9.638785112484254114e+01
9.764734833820232041e+01
9.891468064337639987e+01
1.001898405596082426e+02
1.014728215544598129e+02
1.027636180531219310e+02
1.041268753790037778e+02
1.054987339051541966e+02
1.068791905782647689e+02
1.082682434739953692e+02
1.096658917659375589e+02
1.110721356874469024e+02
1.124595574681624015e+02
1.138552492030367347e+02
1.152592138247903364e+02
1.166714550597806124e+02
1.180919773714022654e+02
1.195207859012794671e+02
1.209247271999859805e+02
1.223365891682397830e+02
1.237563781336181847e+02
1.251841008112743907e+02
1.266197642459594590e+02
1.280633757542655076e+02
1.294635329705049003e+02
1.308711005798530778e+02
1.322860855720764448e+02
1.337084949809118655e+02
1.351383358408803588e+02
1.365756151457959504e+02
1.378781386969997698e+02
1.391867221328855351e+02
1.400419021505276191e+02
1.408996539501797542e+02
1.417599788303026855e+02
1.426228780631268762e+02
1.434883528928785097e+02
1.443564045340614257e+02
1.459257543095403378e+02
1.475034672078569145e+02
1.490895494727886614e+02
1.506840069445144650e+02
1.522868450397017739e+02
1.538980687330072215e+02
1.557615479374952656e+02
1.576361315238455347e+02
1.595218247679847536e+02
1.614186321175375554e+02
1.633265571945388217e+02
1.652456028034708027e+02
1.670763809396329123e+02
1.689171696765971831e+02
1.707679694809855562e+02
1.726287802441173937e+02
1.744996013130230779e+02
1.763804315257103497e+02
1.782085821520433910e+02
1.800460875081289771e+02
1.818929453905623177e+02
1.837491532889767711e+02
1.856147084236887679e+02
1.874896077839324278e+02
1.893352898691867949e+02
1.911899323373190214e+02
1.930535319224307216e+02
1.949260852825942152e+02
1.968075890326474848e+02
1.986980397758888444e+02
2.005625512257572041e+02
2.024356783957005916e+02
2.043174182039013544e+02
2.062077676613121753e+02
2.081067238935535215e+02
2.100142841612514530e+02
2.116340771817023665e+02
2.132600194697433551e+02
2.148921096489940510e+02
2.165303464414625978e+02
2.181747286727421908e+02
2.198252552764551524e+02
2.217577416683570277e+02
2.236985809176822784e+02
2.256477719203718948e+02
2.276053137898420005e+02
2.295712058576649781e+02
2.315454476722786978e+02
2.335254111239208044e+02
2.355137019842615018e+02
2.375103204293074555e+02
2.395152668316829079e+02
2.415285417523764693e+02
2.435501459313826160e+02
2.455337560352467108e+02
2.475253221825959429e+02
2.495248454997083059e+02
2.515323272342063490e+02
2.535477687431730089e+02
2.555711714808846580e+02
2.575283483009812358e+02
2.594929193798304823e+02
2.614648862082179903e+02
2.634442503170143937e+02
2.654310132664665502e+02
2.674251766356053963e+02
2.692152923293061804e+02
2.710113321561331077e+02
2.716134606035215029e+02
2.722162521395499652e+02
2.726336815179073483e+02
2.730514283216243712e+02
2.734694925644315049e+02
2.738878742600095961e+02
2.743065734219826481e+02
2.747255900639140123e+02
2.761134050216551827e+02
2.775046919781615316e+02
2.788994514067096020e+02
2.802976837702314583e+02
2.816993895201105715e+02
2.831045690949483742e+02
2.856767912650748258e+02
2.882605766487382652e+02
2.908559275113025819e+02
2.934628459221058279e+02
2.960813337412678834e+02
2.987113926080319288e+02
3.012579156852107189e+02
3.038151956715865367e+02
3.063832334194497093e+02
3.089620295758111865e+02
3.115515845836950461e+02
3.141518986854836726e+02
3.166292867560083550e+02
3.191163623740105777e+02
3.216131252759051335e+02
3.241195750586294366e+02
3.266357111880759589e+02
3.291615330084442235e+02
3.316328200531776815e+02
3.341133077172976300e+02
3.366029951155222761e+02
3.391018812908754967e+02
3.416099652251263024e+02
3.441272458493759814e+02
3.466182018718150744e+02
3.491180960938809221e+02
3.516269274065149375e+02
3.541446946922908978e+02
3.566713968348834101e+02
3.592070327282305016e+02
3.617335664924636944e+02
3.642689059288296676e+02
3.668130500342480786e+02
3.693659978470624878e+02
3.719277484536847851e+02
3.744983009946163293e+02
3.769738565600191578e+02
3.794575196229049538e+02
3.819492895895393758e+02
3.844491659270222499e+02
3.869571481656553829e+02
3.894732359007881541e+02
3.919966404319646358e+02
3.945281447964204062e+02
3.970677487904557665e+02
3.996154522773963436e+02
4.021712551868677110e+02
4.047351575135921280e+02
4.072734480609109937e+02
4.098196275947809681e+02
4.123736962856203832e+02
4.149356543570730196e+02
4.175055020830340027e+02
4.200832397843852277e+02
4.225942446204011844e+02
4.251126919498381653e+02
4.276385821742538269e+02
4.301719157235544913e+02
4.327126930523464807e+02
4.352609146362038928e+02
4.376290637928069032e+02
4.400036070554611456e+02
4.423845448338863662e+02
4.442042223393931408e+02
4.453400431834051005e+02
4.464773078102929276e+02
4.476160162646851859e+02
4.487561685910881124e+02
4.498977648338317294e+02
4.510408050370120350e+02
4.542017313629521027e+02
4.573736490128267747e+02
4.605565588611129897e+02
4.637504617448951763e+02
4.669553584563969366e+02
4.701712497359004601e+02
4.736943513503949816e+02
4.772305562111155837e+02
4.807798650183381142e+02
4.843422783678974497e+02
4.879177967463665482e+02
4.915064205274288156e+02
4.947044094429993493e+02
4.979127348235840032e+02
5.011313967028291358e+02
5.043603950437715184e+02
5.075997297405279483e+02
5.108494006206628910e+02
5.139761678586449989e+02
5.171124443991820954e+02
5.202582299331174909e+02
5.234135241063231661e+02
5.265783265234013015e+02
5.297526367516171604e+02
5.329044221701871038e+02
5.360655243903643168e+02
5.392359429084691556e+02
5.424156772015101069e+02
5.456047267315434510e+02
5.488030909500414509e+02
5.520256069013157685e+02
5.552575226628728160e+02
5.584988376725335684e+02
5.617495513745932385e+02
5.650096632238271468e+02
5.682791726893096893e+02
5.716420028339471173e+02
5.734720417104337002e+02
5.753049941342106877e+02
5.771408600261861466e+02
5.789796393098940825e+02
5.808213319116550792e+02
5.826659377607210217e+02
5.853054276623651049e+02
5.879508594279261615e+02
5.906022328849089718e+02
5.932595478749111635e+02
5.959228042540453316e+02
5.985920018932466746e+02
6.015733778975049972e+02
6.045621311239392526e+02
6.075582614603733873e+02
6.105617688180279856e+02
6.135726531312727730e+02
6.165909143572207540e+02
6.196045396242842571e+02
6.226254833934599446e+02
6.256537456859415443e+02
6.286893265424031370e+02
6.317322260219633563e+02
6.347824442010454504e+02
6.377109832525205775e+02
6.406462373330608671e+02
6.435882065479835319e+02
6.465368910127272102e+02
6.494922908516399502e+02
6.524544061967325206e+02
6.549683725401214360e+02
6.566731357648330913e+02
6.583801070657334549e+02
6.600892864707248009e+02
6.618006740079765677e+02
6.635142697058470276e+02
6.652300735928038193e+02
6.683394113072882874e+02
6.714559747874965296e+02
6.745797641993153775e+02
6.777107797051123725e+02
6.808490214623271868e+02
6.839944896220899864e+02
6.888552172090485328e+02
6.937331018778847920e+02
6.986281440506641047e+02
7.035403440814395708e+02
7.084697022488346647e+02
7.124720779431255551e+02
7.164856945500245047e+02
7.205105520940703627e+02
7.245466505603972109e+02
7.285939898945025561e+02
7.326525700024009211e+02
7.364958414655148999e+02
7.403491383608626393e+02
7.442124605151083188e+02
7.480858077262654433e+02
7.519691797650566514e+02
7.558625763764540579e+02
7.597363944983543433e+02
7.636200853434279452e+02
7.675136485977596976e+02
7.714170839300072657e+02
7.753303909936079208e+02
7.792535694290592119e+02
7.832352075652567009e+02
7.872269613956622152e+02
7.912288305216846993e+02
7.952408145412230169e+02
7.992629130511874109e+02
8.032951256499679857e+02
8.078018273954610322e+02
8.123210958405137490e+02
8.168529304567648524e+02
8.213973307327401017e+02
8.246143432330992482e+02
8.278376227757972856e+02
8.310671692007406364e+02
8.321258314990395775e+02
8.331851654603184443e+02
8.342451710794330211e+02
8.353058483513218562e+02
8.363671972710069440e+02
8.374292178335959989e+02
8.398238499080811152e+02
8.422218895734264379e+02
8.446233367786284134e+02
8.470281914750175929e+02
8.494364536162978538e+02
8.518481231585742535e+02
8.549055956792781217e+02
8.579685271875287071e+02
8.610369176110457374e+02
8.641107668837697702e+02
8.671900749458085329e+02
8.702748417433448367e+02
8.736701134356410421e+02
8.770719734938315924e+02
8.804804218709626866e+02
8.832279467786721625e+02
8.859797377412287460e+02
8.887357947445851778e+02
8.907348897487320301e+02
8.927362232435040141e+02
8.947397952262595027e+02
8.967456056950497896e+02
8.981311325294121843e+02
8.995177254328713161e+02
9.002394962810997185e+02
9.009615556510758552e+02
9.016839035428043871e+02
9.024065399562977063e+02
9.031294648915768448e+02
9.053139100483330139e+02
9.075009853421184971e+02
9.096906907747652440e+02
9.118830263486512422e+02
9.140779920666304861e+02
9.162755879319693122e+02
9.197147778939129239e+02
9.231603898133304256e+02
9.266124237064713043e+02
9.300708795901280155e+02
9.335357574810336700e+02
9.370070573952712039e+02
9.422127413317676883e+02
9.474328014042619088e+02
9.526672376414733208e+02
9.579160500554723967e+02
9.631792386381353026e+02
9.684568033578425457e+02
9.735224811675449246e+02
9.786013334583583401e+02
9.836933601287956890e+02
9.887985610501137899e+02
9.939169360652786054e+02
9.990484849882975595e+02
1.003767795621294340e+03
1.008498193539751924e+03
1.013239678535215035e+03
1.017992250379031248e+03
1.022755908822943979e+03
1.027530653599871130e+03
1.032223344860077987e+03
1.036926695059961276e+03
1.041640703900589415e+03
1.046365371069735374e+03
1.051100696243182483e+03
1.055846679086108452e+03
1.060723799639917388e+03
1.065612123218568286e+03
1.070511649436226890e+03
1.075422377902103335e+03
1.080344308222226346e+03
1.085277440001197874e+03
1.090962509933373440e+03
1.096662382901497722e+03
1.102377058315416889e+03
1.108106535594797151e+03
1.113850814171953516e+03
1.118407002101955413e+03
1.122972458354831815e+03
1.127547182671992232e+03
1.132131174802875876e+03
1.136724434505438239e+03
1.141326961546549910e+03
1.144736040575015295e+03
1.148150185995592892e+03
1.151569397723895690e+03
1.154993675678387490e+03
1.158423019780385630e+03
1.161857429954047802e+03
1.165533413221809724e+03
1.169215182472503102e+03
1.172902737624087194e+03
1.176596078597865016e+03
1.180295205318408080e+03
1.183998170686651292e+03
1.187706915585487877e+03
1.191421439948595435e+03
1.195141743712396419e+03
1.198867826815856006e+03
1.202599689200207195e+03
1.206834651858289590e+03
1.211077032390600834e+03
1.215326830719999180e+03
1.219584046771487465e+03
1.223848680471719717e+03
1.228120731748502294e+03
1.233528021833155435e+03
1.238947148710564989e+03
1.244378112235910748e+03
1.249820912261884359e+03
1.255275548637179782e+03
1.260742021205054925e+03
1.267628952309486294e+03
1.274534577990214302e+03
1.281458897880404720e+03
1.288401911586371625e+03
1.295363618684760468e+03
1.302344018720185659e+03
1.308138698942706696e+03
1.313946197483588776e+03
1.319766514030334747e+03
1.325599648253599753e+03
1.331445599807323561e+03
1.337304368329057752e+03
1.343510165261308202e+03
1.349730277113530747e+03
1.354736217373864747e+03
1.359751390504849724e+03
1.364775796240878208e+03
1.369809434310750703e+03
1.374852304437816883e+03
1.380013958882560473e+03
1.385185249129576960e+03
1.390366174868679764e+03
1.395556735786580930e+03
1.400756931567430911e+03
1.405966761893180546e+03
1.412058349651281105e+03
1.418163055640058928e+03
1.424280879350885243e+03
1.430411820276974368e+03
1.436555877914584926e+03
1.442713051764231068e+03
1.449099507631538700e+03
1.455500012705943618e+03
1.461914566456209741e+03
1.468343168360897835e+03
1.474785817909170873e+03
1.481242514601461153e+03
1.486588051945700954e+03
1.491943178855984343e+03
1.497307895069013739e+03
1.502682200327131113e+03
1.508066094378256821e+03
1.513459576975774553e+03
1.519167562965588331e+03
1.524886248655061081e+03
1.529517576205967089e+03
1.534155897376776466e+03
1.538801212028151213e+03
1.543453520022939301e+03
1.548112821225819062e+03
1.553136488269416986e+03
1.558168259452721031e+03
1.563208134611810920e+03
1.568256113584081504e+03
1.573312196207830311e+03
1.578376382321748906e+03
1.584858148089625956e+03
1.591353140159112854e+03
1.597861358190954888e+03
1.604382801842767776e+03
1.610917470767753230e+03
1.617465364613495467e+03
1.625304162847559837e+03
1.633161829688794114e+03
1.641038364493220115e+03
1.648933766597378735e+03
1.656848035316660571e+03
1.664781169943981467e+03
1.671653421836452026e+03
1.678539767626561570e+03
1.685440206814757630e+03
1.692354738887977419e+03
1.699283363319838827e+03
1.706226079570986258e+03
1.712993987687892059e+03
1.719775232430145252e+03
1.726569813268539292e+03
1.733377729664409799e+03
1.740198981070409673e+03
1.747033566931343785e+03
1.754323221134843834e+03
1.761627982375322517e+03
1.768947849960923804e+03
1.776282823194755792e+03
1.783632901376263590e+03
1.790998083802586962e+03
1.801325088974251912e+03
1.811681640142158130e+03
1.819795477766288286e+03
1.827927356639758500e+03
1.836077275860348891e+03
1.844245234533635994e+03
1.852431231774088928e+03
1.860635266706098491e+03
1.866819176451077283e+03
1.873013294283586220e+03
1.879217619842942895e+03
1.885432152771993060e+03
1.891656892717091523e+03
1.897891839328019159e+03
1.904723733493725604e+03
1.911567839542822867e+03
1.918424157029855223e+03
1.925292685512780508e+03
1.930826692700733020e+03
1.936368600905360609e+03
1.941918409900554707e+03
1.947476119461135568e+03
1.953041729362474371e+03
1.959980559250348733e+03
1.966931629165915638e+03
1.973894938676370202e+03
1.980870487348235883e+03
1.987858274746577536e+03
1.994858300434148305e+03
2.005472481841436093e+03
2.016114675565878997e+03
2.026784880044101101e+03
2.035409983646138699e+03
2.044053301283528981e+03
2.052714832093974564e+03
2.061394575200110467e+03
2.070092529709089831e+03
2.078808694712136003e+03
2.086798280992949003e+03
2.094803105739243620e+03
2.102823168219329091e+03
2.110858467690331054e+03
2.118909003398529876e+03
2.126974774579774476e+03
2.135178287186757188e+03
2.143397498637159970e+03
2.151632408102245790e+03
2.159883014744965749e+03
2.168149317720844465e+03
2.176431316178907764e+03
2.185894394223857034e+03
2.195377878305230752e+03
2.204881767140196644e+03
2.214406059442052538e+03
2.223950753922063541e+03
2.233515849291193263e+03
2.243135303735884463e+03
2.252775301127967396e+03
2.262435840172910048e+03
2.272116919581415004e+03
2.281818538070312570e+03
2.291540694363216517e+03
2.299852837678105516e+03
2.308179933248537509e+03
2.316521980294116020e+03
2.324878978038213518e+03
2.333250925707767237e+03
2.341637822532997234e+03
2.350059734080053204e+03
2.358496664670742121e+03
2.366948613537133951e+03
2.375415579912681551e+03
2.383897563031588106e+03
2.392394562128134567e+03
2.402298973586644479e+03
2.412223707355848546e+03
2.422168762222449004e+03
2.432134136967519225e+03
2.442119830364927566e+03
2.452125841179815779e+03
2.463149948836798103e+03
2.474198610820833892e+03
2.485271825442934642e+03
2.496369590993995189e+03
2.507491905743429470e+03
2.518638767938137335e+03
2.528189953062501900e+03
2.537759084889208680e+03
2.547346162281581201e+03
2.556951184090516563e+03
2.566574149154781480e+03
2.576215056301427012e+03
2.585834622153186956e+03
2.595471982223984924e+03
2.605127135323799848e+03
2.614800080253612123e+03
2.624490815806238516e+03
2.634199340767208923e+03
2.645602457689801213e+03
2.657030015134389487e+03
2.668482011116819649e+03
2.679958443646703017e+03
2.691459310729387198e+03
2.702984610367748701e+03
2.714005487545889082e+03
2.725048609608965762e+03
2.736113974822796081e+03
2.747201581455443375e+03
2.758311427777786776e+03
2.769443512063885464e+03
2.779512119870384140e+03
2.789598848080853259e+03
2.799703695432711356e+03
2.809826660664968585e+03
2.819967742517654187e+03
2.830023154067477208e+03
2.840096311839970895e+03
2.850187214613968081e+03
2.860295861167720432e+03
2.870422250277973944e+03
2.880566380718919845e+03
2.892126559393282605e+03
2.903709688946032657e+03
2.915315767553756814e+03
2.926944793383535398e+03
2.938596764591301053e+03
2.950271679320439944e+03
2.962388885024964111e+03
2.974530702881797424e+03
2.986697130778014071e+03
2.998888166581857149e+03
3.011103808142077014e+03
3.023344053287564748e+03
3.035170015444118235e+03
3.047018849486883937e+03
3.058890553418239051e+03
3.070785125223447722e+03
3.080272537963111517e+03
3.089774446959595480e+03
3.099290851174854652e+03
3.108821749565815935e+03
3.118367141084333525e+03
3.128752920733869814e+03
3.139155801020448507e+03
3.149575780582621064e+03
3.160012858054502885e+03
3.170467032066183492e+03
3.180938301244007562e+03
3.199192919625159448e+03
3.212858451397471072e+03
3.226552816834703663e+03
3.240276012903242645e+03
3.254028036567054642e+03
3.267808884788363684e+03
3.281618554528456571e+03
3.292464153118593003e+03
3.303327459335368076e+03
3.314208471714488951e+03
3.325107188791293538e+03
3.336023609099749137e+03
3.347754060287204084e+03
3.359504881346399543e+03
3.371276070460744450e+03
3.383067625810630489e+03
3.394879545572193820e+03
3.406711827916313268e+03
3.420735505640277097e+03
3.434787674132790926e+03
3.448868330329520631e+03
3.462977471149662051e+03
3.477115093493977838e+03
3.491281194243283153e+03
3.504882983792595041e+03
3.518510919335888047e+03
3.532164998071287300e+03
3.545845217176904498e+03
3.559551573810592799e+03
3.573284065109937274e+03
3.589067082820572068e+03
3.601358015894447362e+03
3.613669711942867707e+03
3.626002168882955630e+03
3.638355384620832865e+03
3.650729357052015075e+03
3.663193556357093257e+03
3.675678741193704809e+03
3.688184909392462941e+03
3.700712058776418417e+03
3.713260187161662543e+03
3.725829292357506802e+03
3.745845066903160841e+03
3.761452999658370572e+03
3.777092975347029096e+03
3.792764989785860053e+03
3.808469038783595352e+03
3.824205118141499497e+03
3.839973223654091271e+03
3.854668673042131559e+03
3.869391823753853714e+03
3.884142672388847586e+03
3.898921215540920457e+03
3.910470475183114104e+03
3.922036588553715774e+03
3.933619554026226524e+03
3.945219369970523076e+03
3.956836034751898296e+03
3.971019611247292687e+03
3.985228219313050431e+03
3.999461855959943478e+03
4.013720518186928530e+03
4.028004202979427191e+03
4.042312907308329613e+03
4.059466795278075097e+03
4.076656494632969043e+03
4.093882000095523836e+03
4.111143306353351363e+03
4.128440408058133471e+03
4.145773299825417780e+03
4.164545867991627347e+03
4.177653079762266316e+03
4.190780584748179535e+03
4.203928380594440569e+03
4.217096464935598306e+03
4.230284835395372284e+03
4.244058250426373888e+03
4.257853716645971872e+03
4.271671231327607529e+03
4.285510791735451676e+03
4.299372395124732975e+03
4.313256038742071723e+03
4.337524580874855928e+03
4.355721471033067246e+03
4.373955858358228397e+03
4.392227736657018795e+03
4.410537099719735124e+03
4.428883941320881604e+03
4.447268255219612001e+03
4.466506295885599684e+03
4.481894343963659594e+03
4.497308424132216714e+03
4.512748532741657073e+03
4.528214666133086212e+03
4.543706820635459735e+03
4.558924524452206242e+03
4.574167245261210155e+03
4.589434979566751281e+03
4.604727723861427876e+03
4.620045474625318093e+03
4.635388228324611191e+03
4.661780894392725713e+03
4.678970264808806860e+03
4.696190720154640076e+03
4.713442255421326081e+03
4.730724865573119132e+03
4.748038545547895410e+03
4.765383290257195767e+03
4.787488730194169875e+03
4.802537507249346163e+03
4.817609473604441519e+03
4.832704625908606431e+03
4.847822960796998814e+03
4.862964474890201018e+03
4.878944549051223476e+03
4.894950352191585807e+03
4.910981880312488101e+03
4.927039129401737227e+03
4.943122095434236144e+03
4.959230774372384076e+03
4.983366219532882496e+03
5.002812922468165198e+03
5.022296768490734394e+03
5.041817750494027678e+03
5.061375861351090862e+03
5.080971093914856283e+03
5.100603441017681689e+03
5.122570583679241281e+03
5.139213060823846718e+03
5.155881989145167609e+03
5.172577364280020447e+03
5.189299181852253241e+03
5.206047437469756005e+03
5.223498153465749965e+03
5.240977469809990907e+03
5.258485381506691738e+03
5.276021883541878196e+03
5.293586970882424794e+03
5.311180638474975240e+03
5.334046667103865730e+03
5.356960772826281755e+03
5.379922944447746886e+03
5.398490152895644314e+03
5.417088656652746067e+03
5.435718449740458709e+03
5.454379526152645667e+03
5.473071879858780449e+03
5.491795504803222684e+03
5.510827144172414592e+03
5.529890971029666616e+03
5.548986978964147056e+03
5.568115161543805698e+03
5.587275512311493003e+03
5.606468024781767781e+03
5.635066650789882260e+03
5.663736355402156732e+03
5.685183001053087537e+03
5.706669229210090634e+03
5.728195030782746471e+03
5.749760396625391877e+03
5.771365317717069047e+03
5.793009785018658476e+03
5.815271772239803795e+03
5.837575420276459226e+03
5.854747098836623991e+03
5.871943380170278033e+03
5.889164259729958758e+03
5.906409732946189251e+03
5.923679795233489131e+03
5.945290400136921562e+03
5.966939368313164778e+03
5.988626690731119197e+03
6.010352358318639745e+03
6.032116361962792325e+03
6.053918692510755136e+03
6.076084479756633300e+03
6.098289723382219563e+03
6.120534413687256347e+03
6.142818540926090463e+03
6.165142095308223361e+03
6.187505066998687653e+03
6.208881087855615078e+03
6.230292982247402506e+03
6.251740741518859977e+03
6.273224356980754237e+03
6.294743819910734601e+03
6.316299121554259727e+03
6.350719124103643480e+03
6.377883460860587547e+03
6.405104149983084426e+03
6.432381173894194035e+03
6.459714514947872885e+03
6.481659423691183292e+03
6.503640478937373700e+03
6.525657671509560714e+03
6.547710992201932640e+03
6.569800431779187420e+03
6.591925980975833227e+03
6.612831424866727502e+03
6.633768987601683875e+03
6.654738661323947781e+03
6.675740438149933652e+03
6.696774310168463671e+03
6.717840269440034717e+03
6.745830480115826504e+03
6.773877105670238052e+03
6.801980127335433281e+03
6.830139526247860886e+03
6.858355283447166585e+03
6.886627379875619226e+03
6.912815102909208690e+03
6.939050947765011188e+03
6.959839223896598924e+03
6.980657596549994196e+03
7.001506058104367185e+03
7.022384600913544091e+03
7.043293217306063525e+03
7.070055375421130520e+03
7.096866613215801408e+03
7.123726914506381036e+03
7.150636263047808825e+03
7.177594642534420927e+03
7.204602036599847452e+03
7.229834878437518455e+03
7.255110328056844992e+03
7.280428372038878479e+03
7.305788996918906378e+03
7.331192189185605457e+03
7.356637935280131387e+03
7.382150359931162711e+03
7.407705391652194521e+03
7.433303016696544546e+03
7.458943221265147258e+03
7.484625991505262391e+03
7.510351313509240754e+03
7.540568783853870627e+03
7.570844712062563303e+03
7.601179075416715932e+03
7.631571851086820061e+03
7.662023016131731310e+03
7.692532547498497479e+03
7.722529100327104061e+03
7.746106851601411108e+03
7.769719174964978265e+03
7.793366059708807370e+03
7.817047495086721028e+03
7.840763470315637278e+03
7.870694936989755661e+03
7.900681200872183581e+03
7.930722240148907076e+03
7.960818032919774851e+03
7.990968557199139468e+03
8.021173790915619065e+03
8.048822266500626938e+03
8.076516387735211538e+03
8.104256137592064078e+03
8.132041498983521706e+03
8.159872454760536129e+03
8.187748987711647715e+03
8.216449225691585525e+03
8.245197577304790684e+03
8.273994023647655922e+03
8.302838545741258713e+03
8.331731124529853332e+03
8.360671740879595745e+03
8.391571388563907021e+03
8.422525564969871994e+03
8.453534246627499670e+03
8.484597409961697849e+03
8.515715031292087588e+03
8.546887086833230569e+03
8.575385039631593827e+03
8.603928298272698157e+03
8.632516844446972755e+03
8.661150659774397354e+03
8.689829725805337148e+03
8.718554024021448640e+03
8.764687653060273078e+03
8.799705035802197017e+03
8.834788966596865066e+03
8.869939411731294967e+03
8.905156337349542810e+03
8.940439709452255556e+03
8.975789493895725172e+03
9.001388408832457571e+03
9.027022007614492395e+03
9.052690277195035378e+03
9.078393204485744718e+03
9.104130776355164926e+03
9.136777440482635939e+03
9.169479628390563448e+03
9.202237313100311439e+03
9.235050467519566155e+03
9.267919064439709473e+03
9.300843076533863496e+03
9.332680757576639735e+03
9.364570035976163126e+03
9.396510886830068557e+03
9.428503285133025202e+03
9.460547205777009367e+03
9.492642623552043005e+03
9.526025581724135918e+03
9.559464014194425545e+03
9.592957892391728819e+03
9.626507187630561020e+03
9.660111871112150766e+03
9.693771913925249464e+03
9.727886671090553136e+03
9.762058045904064784e+03
9.796286008066030263e+03
9.830570527158997720e+03
9.864911572647015419e+03
9.899309113874491231e+03
9.932415432709514789e+03
9.965573861509552444e+03
9.998784372754820652e+03
1.003204693881806634e+04
1.006536153196308078e+04
1.009872812434330990e+04
1.013803480977115396e+04
1.017741332848867933e+04
1.021686363460416214e+04
1.025638568200696318e+04
1.029597942436681842e+04
1.033564481513380997e+04
1.036995152014215819e+04
1.040431157728159451e+04
1.043872495619532856e+04
1.047319162640613649e+04
1.050771155731653562e+04
1.055586309169417109e+04
1.060411773243985590e+04
1.064059868713740980e+04
1.067713826832276027e+04
1.071373643971490856e+04
1.075039316488905388e+04
1.078710840727632421e+04
1.082388213016349800e+04
1.085563541174979582e+04
1.088743211613495077e+04
1.091927221952326727e+04
1.095115569803561812e+04
1.098308252770870240e+04
1.101505268449418872e+04
1.106127047232520090e+04
1.110757838811151669e+04
1.114490149617349562e+04
1.118228286056075558e+04
1.121972244278103972e+04
1.125722020418091051e+04
1.129477610594578437e+04
1.133239010910030447e+04
1.136653022461615910e+04
1.140071800312298183e+04
1.143495341526600168e+04
1.146923643158354753e+04
1.150356702250747367e+04
1.153794515836350911e+04
1.158035127887988892e+04
1.162282941877654957e+04
1.166537952195298385e+04
1.170800153206439427e+04
1.175069539252041795e+04
1.179346104648323853e+04
1.183212314590993628e+04
1.187084364656752223e+04
1.190962250613117976e+04
1.194845968210515639e+04
1.198735513182103568e+04
1.202630881243606746e+04
1.207212570681181387e+04
1.211802276873087976e+04
1.216399992788365489e+04
1.221005711361979775e+04
1.225619425494733878e+04
1.230241128053240391e+04
1.234264870399705796e+04
1.238294638151694198e+04
1.242330426561775676e+04
1.246372230863157711e+04
1.250420046269731938e+04
1.254473867976116344e+04
1.259111974401199404e+04
1.263757904903601229e+04
1.268411652228020466e+04
1.273073209086147472e+04
1.277742568156463130e+04
1.282419722083977103e+04
1.286634662728326111e+04
1.290855902359809261e+04
1.295083435550288777e+04
1.299317256848850775e+04
1.303557360781602802e+04
1.307803741851487393e+04
1.312450162735533013e+04
1.317104062176898333e+04
1.321765432911198150e+04
1.326434267640325561e+04
1.331110559032391393e+04
1.335794299721696370e+04
1.340228404544474870e+04
1.344669152278924957e+04
1.349116536621120031e+04
1.353570551240235181e+04
1.358031189778565022e+04
1.362498445851512042e+04
1.367165705700339277e+04
1.371840152816926275e+04
1.376521779859114031e+04
1.381210579452460843e+04
1.385906544190026398e+04
1.390609666632113840e+04
1.395301899640394731e+04
1.400001220837690744e+04
1.404707622770738271e+04
1.409421097952880154e+04
1.414141638863801745e+04
1.418869237949298804e+04
1.423578313679488019e+04
1.428294356591345240e+04
1.433017359151555866e+04
1.437747313793095418e+04
1.442484212915181160e+04
1.447228048883248994e+04
1.452267113323202102e+04
1.457313963569696534e+04
1.462368590388751545e+04
1.467430984503558102e+04
1.472501136594401942e+04
1.477579037298533694e+04
1.482584371291548450e+04
1.487597193177831650e+04
1.492617493907816606e+04
1.497645264390460943e+04
1.502680495492957743e+04
1.507770036847543270e+04
1.512867159193871339e+04
1.517971853010975974e+04
1.523084108733419816e+04
1.528203916750955068e+04
1.533331267408106396e+04
1.538626161328795388e+04
1.543929053925274093e+04
1.549239934459541473e+04
1.554558792141545200e+04
1.559885616129147638e+04
1.565262668505472175e+04
1.570647791566351771e+04
1.576040974049179567e+04
1.581442204637533905e+04
1.586851471960949675e+04
1.592268764594520690e+04
1.598399745499937671e+04
1.604540941939326331e+04
1.609365620316696732e+04
1.614196566728530706e+04
1.619033773020617627e+04
1.623877231003966881e+04
1.628726932454343296e+04
1.635431328494184163e+04
1.642147582581232928e+04
1.647362921210158675e+04
1.652585364319531436e+04
1.657814901570065194e+04
1.663051522574374394e+04
1.668295216896837519e+04
1.673545974053611644e+04
1.678716806315705617e+04
1.683894449571885707e+04
1.689078893712551144e+04
1.694270128582455436e+04
1.699468143980575041e+04
1.704672929659921283e+04
1.710924793707838762e+04
1.717186365575801756e+04
1.723457627316234357e+04
1.728422174265482317e+04
1.733392756741710036e+04
1.738369365746836047e+04
1.743351992244007488e+04
1.748340627157082417e+04
1.754923841136213741e+04
1.761517452604629580e+04
1.768121440473844996e+04
1.774735783534163784e+04
1.781360460453882843e+04
1.787995449778436887e+04
1.794031073861318146e+04
1.800075172115203168e+04
1.806127728196286625e+04
1.812188725675809837e+04
1.818258148039607113e+04
1.824335978687640090e+04
1.831071879308220741e+04
1.837818034430329499e+04
1.844574421182968217e+04
1.849831818853130608e+04
1.855095370409566749e+04
1.860365064952012835e+04
1.865640891530999579e+04
1.870922839147242121e+04
1.877593094215421661e+04
1.884273045560161336e+04
1.890962670771988996e+04
1.897661947312401389e+04
1.904370852512986676e+04
1.911089363574449817e+04
1.917801262967165530e+04
1.924522676348690948e+04
1.931253580690611125e+04
1.937993952832181458e+04
1.944743769479399998e+04
1.951503007204041933e+04
1.959134908849719432e+04
1.965215729867607297e+04
1.971304074256709646e+04
1.977399924712632856e+04
1.983503263840562067e+04
1.989614074154468835e+04
1.996839399918139679e+04
2.004075089295896760e+04
2.011321112997932869e+04
2.018577441551680386e+04
2.025844045300463040e+04
2.033120894401950864e+04
2.040036795172065104e+04
2.046961871967613479e+04
2.053896098805126894e+04
2.060839449546554897e+04
2.067791897898081152e+04
2.074753417408894529e+04
2.083093161423203856e+04
2.089718543017816046e+04
2.096352018979253626e+04
2.102993566132409615e+04
2.109643161169199448e+04
2.116300780647306237e+04
2.123715725819896397e+04
2.131140537837197917e+04
2.138575183838500379e+04
2.146019630750607757e+04
2.153473845286087089e+04
2.160937793941254859e+04
2.168441981095349547e+04
2.175955913671741655e+04
2.183479557086154455e+04
2.191012876527519984e+04
2.198555836955883206e+04
2.206108403100242867e+04
2.215495326957733778e+04
2.222337516370029334e+04
2.229187454190547942e+04
2.236045113694897736e+04
2.242910467997202431e+04
2.249783490048328895e+04
2.257903582883280615e+04
2.266034269642841173e+04
2.274175504986597298e+04
2.282327243245460704e+04
2.290489438418399732e+04
2.298662044168810098e+04
2.307779120046819298e+04
2.316908994104839439e+04
2.326051600769357901e+04
2.333339408877572350e+04
2.340635211802039339e+04
2.347938975712379033e+04
2.355250666554218697e+04
2.362570250046869842e+04
2.369897691680931894e+04
2.381243552067782002e+04
2.389670497436907317e+04
2.398107608166414138e+04
2.406554830505821155e+04
2.415012110284544906e+04
2.423479392907143847e+04
2.431956623348502035e+04
2.441294475254984354e+04
2.450644226219242046e+04
2.460005801121678087e+04
2.469379124181237421e+04
2.478764118946095186e+04
2.488160708283968415e+04
2.496231844633250876e+04
2.504311408978965483e+04
2.512399351376739651e+04
2.520495621492853024e+04
2.528600168599349490e+04
2.536712941569110262e+04
2.547979276389081133e+04
2.556091456493745864e+04
2.564211646826336073e+04
2.572339794839674141e+04
2.580475847565057848e+04
2.588619751606381396e+04
2.597439772846770575e+04
2.606268853067003511e+04
2.615106922898671473e+04
2.623953912353699343e+04
2.632809750814856670e+04
2.641674367025422544e+04
2.653050862481196236e+04
2.662254194410553464e+04
2.671466686588467201e+04
2.680688256597111103e+04
2.689918821219004894e+04
2.699158296424040600e+04
2.708406597356340717e+04
2.721226555178644048e+04
2.730954357445517235e+04
2.740691552245314597e+04
2.750438037037900722e+04
2.760193708182900809e+04
2.769958460918710989e+04
2.779732189340845798e+04
2.794797251669846446e+04
2.804919806402139511e+04
2.815051530488832941e+04
2.825192300970507858e+04
2.835341993433444441e+04
2.845500481979144024e+04
2.855667639192631032e+04
2.867552100230229189e+04
2.877157414834760857e+04
2.886770077559954370e+04
2.896389976049758843e+04
2.906016996605828172e+04
2.915651024157661959e+04
2.925291942231707799e+04
2.937148950450773191e+04
2.949015964710363551e+04
2.958547626286849118e+04
2.968085470354889549e+04
2.977629377268418466e+04
2.987179225839782885e+04
2.996734893302310593e+04
3.006296255271249902e+04
3.016966176346606153e+04
3.027642846059545991e+04
3.038326084360568348e+04
3.049015708411145170e+04
3.059711532499418900e+04
3.070413367951940381e+04
3.081222453281216440e+04
3.092037268506242617e+04
3.102857609765012239e+04
3.113683269704865961e+04
3.124514037364487012e+04
3.135349698049449944e+04
3.149033639264166050e+04
3.159042361167453055e+04
3.169054645176163467e+04
3.179070309230634302e+04
3.189089168013164090e+04
3.199111032830108161e+04
3.209135711486847867e+04
3.222764688826882048e+04
3.236397998821221699e+04
3.250035124974060091e+04
3.263675536445916441e+04
3.277318687222422886e+04
3.286867550322657189e+04
3.296417282458687259e+04
3.305967681788859772e+04
3.315518542000455636e+04
3.325069652103586850e+04
3.334620796207988315e+04
3.343025171580519236e+04
3.351429248162134172e+04
3.359832868515568407e+04
3.368235871659761324e+04
3.376638092900894844e+04
3.385039363649988809e+04
3.392232098345852137e+04
3.399423898731860390e+04
3.406614651485468494e+04
3.413804240752955229e+04
3.420992548028922465e+04
3.428179452026454965e+04
3.434176271957678546e+04
3.440171954203426867e+04
3.446166423375687009e+04
3.452159602460211318e+04
3.458151412741778040e+04
3.464141773723886581e+04
3.469169566123656114e+04
3.474196229280302941e+04
3.479221712384001876e+04
3.484245963565938291e+04
3.489268929851568828e+04
3.494290557110532245e+04
3.498511244461678871e+04
3.502730912717285537e+04
3.506949527644991031e+04
3.511167054327141523e+04
3.515383457132124022e+04
3.519598699683854647e+04
3.523141337280643347e+04
3.526683106170385872e+04
3.530223983418384159e+04
3.533763945653547853e+04
3.537302969051476975e+04
3.540841029316627100e+04
3.543811569983694790e+04
3.546781398940321378e+04
3.549750500967069820e+04
3.552718860573582060e+04
3.555686461989225063e+04
3.558653289153346122e+04
3.561386885960339714e+04
3.564119798192499729e+04
3.566852012578202994e+04
3.569583515607674053e+04
3.572314293525605899e+04
3.575044332323648268e+04
3.577104335928410728e+04
3.579163904134342010e+04
3.581223030616920005e+04
3.583281708961478580e+04
3.585339932661412604e+04
3.587397695116495743e+04
3.589076348736940417e+04
3.590754687143784395e+04
3.592432706609921297e+04
3.594110403365336242e+04
3.595787773596923216e+04
3.597464813448487985e+04
3.598852947114395647e+04
3.600240849437045836e+04
3.601628518162549153e+04
3.603015951018025225e+04
3.604403145712072728e+04
3.605790099935415492e+04
3.606933947251155041e+04
3.608077628059459676e+04
3.609221141039781651e+04
3.610364484865512350e+04
3.611507658204637119e+04
3.612650659720547264e+04
3.613590239596824540e+04
3.614529701682814630e+04
3.615469045231954806e+04
3.616408269497854053e+04
3.617347373734922439e+04
3.618286357199122722e+04
3.619056611100602458e+04
3.619826782807516429e+04
3.620596871914135409e+04
3.621366878017368435e+04
3.622136800717286678e+04
3.622906639617720793e+04
3.623537252033135155e+04
3.624167807731730863e+04
3.624798306503505592e+04
3.625428748141658434e+04
3.626059132442973350e+04
3.626689459208269545e+04
3.627205305838498316e+04
3.627721113693148072e+04
3.628236882670652267e+04
3.628752612672346004e+04
3.629268303602755623e+04
3.629783955369902833e+04
3.630205696730320051e+04
3.630627411784541619e+04
3.631049100488577824e+04
3.631470762800775992e+04
3.631892398682009662e+04
3.632314008095890313e+04
3.632658698227525019e+04
3.633003370627272670e+04
3.633348025280087313e+04
3.633692662172668497e+04
3.634037281293592969e+04
3.634381882633450005e+04
3.634663542267723824e+04
3.634945190014389664e+04
3.635226825871812616e+04
3.635508449839602690e+04
3.635790061918711581e+04
3.636071662111501792e+04
3.636301789295417984e+04
3.636531908546107297e+04
3.636762019867303752e+04
3.636992123263607937e+04
3.637222218740537210e+04
3.637452306304578815e+04
3.637640315785976418e+04
3.637828319993369223e+04
3.638016318931958085e+04
3.638204312607530301e+04
3.638392301026485802e+04
3.638580284195878630e+04
3.638733877682690218e+04
3.638887467674534855e+04
3.639041054176365287e+04
3.639194637193527160e+04
3.639348216731764842e+04
3.639501792797263624e+04
3.639627267081400350e+04
3.639752739055603888e+04
3.639878208723974967e+04
3.640003676090856607e+04
3.640129141160865402e+04
3.640254603938898799e+04
3.640357105420246808e+04
3.640459605378167907e+04
3.640562103815802402e+04
3.640664600736451393e+04
3.640767096143597882e+04
3.640869590040892945e+04
3.640953324035000696e+04
3.641037057026116236e+04
3.641120789016540948e+04
3.641204520008673717e+04
3.641288250005025475e+04
3.641371979008227208e+04
3.641440381413469004e+04
3.641508783159255108e+04
3.641577184247208788e+04
3.641645584679023159e+04
3.641713984456463368e+04
3.641782383581365139e+04
3.641838261445856915e+04
3.641894138877203659e+04
3.641950015876528778e+04
3.642005892444999336e+04
3.642061768583823869e+04
3.642117644294264028e+04
3.642163290810860053e+04
3.642208937043165497e+04
3.642254582991945790e+04
3.642300228657988919e+04
3.642345874042113428e+04
3.642391519145166967e+04
3.642428807671648974e+04
3.642466096011636546e+04
3.642503384165633906e+04
3.642540672134171473e+04
3.642577959917794942e+04
3.642615247517066746e+04
3.642645708415185800e+04
3.642676169190994551e+04
3.642706629844829149e+04
3.642737090377037384e+04
3.642767550787982327e+04
3.642798011078035779e+04
3.642822894503652060e+04
3.642847777849061822e+04
3.642872661114486255e+04
3.642897544300153822e+04
3.642922427406298812e+04
3.642947310433165694e+04
3.642967637637074222e+04
3.642987964788387035e+04
3.643008291887241649e+04
3.643028618933790131e+04
3.643048945928186004e+04
3.643069272870586428e+04
3.643085878111679631e+04
3.643102483318271697e+04
3.643119088490457943e+04
3.643135693628332956e+04
3.643152298731997871e+04
3.643168903801552369e+04
3.643182468581966532e+04
3.643196033339745918e+04
3.643209598074950190e+04
3.643223162787642650e+04
3.643236727477885142e+04
3.643250292145743151e+04
3.643261373182063107e+04
3.643272454203525558e+04
3.643283535210174159e+04
3.643294616202044563e+04
3.643305697179176059e+04
3.643316778141615214e+04
3.643325830213668087e+04
3.643334882275967539e+04
3.643343934328537580e+04
3.643352986371405132e+04
3.643362038404592022e+04
3.643371090428129537e+04
3.643378485044766421e+04
3.643385879654998280e+04
3.643393274258838210e+04
3.643400668856300035e+04
3.643408063447406312e+04
3.643415458032167953e+04
3.643421498677294585e+04
3.643427539318209892e+04
3.643433579954923334e+04
3.643439620587447280e+04
3.643445661215789733e+04
3.643451701839961606e+04
3.643456636428411002e+04
3.643461571014093352e+04
3.643466505597010837e+04
3.643471440177172190e+04
3.643476374754583958e+04
3.643481309329251962e+04
3.643485340382246068e+04
3.643489371433418273e+04
3.643493402482774400e+04
3.643497433530315175e+04
3.643501464576046419e+04
3.643505495619972498e+04
3.643508788578105305e+04
3.643512081535037578e+04
3.643515374490773684e+04
3.643518667445315805e+04
3.643521960398665396e+04
3.643525253350826097e+04
3.643527943360766949e+04
3.643530633369916904e+04
3.643533323378281057e+04
3.643536013385857223e+04
3.643538703392645402e+04
3.643541393398653599e+04
3.643543590861115808e+04
3.643545788323057059e+04
3.643547985784478078e+04
3.643550183245381777e+04
3.643552380705767428e+04
3.643554578165633575e+04
3.643556373266989249e+04
3.643558168367999315e+04
3.643559963468668138e+04
3.643561758568994264e+04
3.643563553668979148e+04
3.643565348768622061e+04
3.643566815182784921e+04
3.643568281596722954e+04
3.643569748010435433e+04
3.643571214423918718e+04
3.643572680837177904e+04
3.643574147250212263e+04
3.643575345160454162e+04
3.643576543070546177e+04
3.643577740980489034e+04
3.643578938890282734e+04
3.643580136799927277e+04
3.643581334709422663e+04
3.643582313278423680e+04
3.643583291847323562e+04
3.643584270416125219e+04
3.643585248984828650e+04
3.643586227553433855e+04
3.643587206121940835e+04
3.643588005512519885e+04
3.643588804903033451e+04
3.643589604293481534e+04
3.643590403683864861e+04
3.643591203074182704e+04
3.643592002464437246e+04
3.643592655484499119e+04
3.643593308504518063e+04
3.643593961524495535e+04
3.643594614544429351e+04
3.643595267564320966e+04
3.643595920584168198e+04
3.643596454035177885e+04
3.643596987486158469e+04
3.643597520937112131e+04
3.643598054388036689e+04
3.643598587838931417e+04
3.643599121289799223e+04
3.643599557064712280e+04
3.643599992839607876e+04
3.643600428614483098e+04
3.643600864389340131e+04
3.643601300164178247e+04
3.643601735938997444e+04
3.643602091921243118e+04
3.643602447903476423e+04
3.643602803885695175e+04
3.643603159867903742e+04
3.643603515850099211e+04
3.643603871832282312e+04
3.643604162632937368e+04
3.643604453433584422e+04
3.643604744234222017e+04
3.643605035034852335e+04
3.643605325835474650e+04
3.643605616636087507e+04
3.643605854191132676e+04
3.643606091746172024e+04
3.643606329301207734e+04
3.643606566856235440e+04
3.643606804411259509e+04
3.643607041966277029e+04
3.643607236024440499e+04
3.643607430082600331e+04
3.643607624140756525e+04
3.643607818198909081e+04
3.643608012257057999e+04
3.643608206315203279e+04
3.643608364841031289e+04
3.643608523366856389e+04
3.643608681892680033e+04
3.643608840418502223e+04
3.643608998944321502e+04
3.643609157470137143e+04
3.643609286969740788e+04
3.643609416469342250e+04
3.643609545968941529e+04
3.643609675468538626e+04
3.643609804968134995e+04
3.643609934467729909e+04
3.643610040254586056e+04
3.643610146041440021e+04
3.643610251828293985e+04
3.643610357615147223e+04
3.643610463401998277e+04
3.643610569188849331e+04
3.643610655606410728e+04
3.643610742023973580e+04
3.643610828441534977e+04
3.643610914859095647e+04
3.643611001276655588e+04
3.643611087694214802e+04
3.643611158288338629e+04
3.643611228882461728e+04
3.643611299476585555e+04
3.643611370070707926e+04
3.643611440664829570e+04
3.643611511258951941e+04
3.643611568926858308e+04
3.643611626594763948e+04
3.643611684262671042e+04
3.643611741930577409e+04
3.643611799598482321e+04
3.643611857266387960e+04
3.643611904375849554e+04
3.643611951485310419e+04
3.643611998594772012e+04
3.643612045704233606e+04
3.643612092813693744e+04
3.643612139923154609e+04
3.643612178406325984e+04
3.643612216889497358e+04
3.643612255372667278e+04
3.643612293855837925e+04
3.643612332339008572e+04
3.643612370822179219e+04
3.643612402259136434e+04
3.643612433696094377e+04
3.643612465133050864e+04
3.643612496570006624e+04
3.643612528006963112e+04
3.643612559443919599e+04
3.643612585123813915e+04
3.643612610803708230e+04
3.643612636483602546e+04
3.643612662163496861e+04
3.643612687843391177e+04
3.643612713523285493e+04
3.643612734501676459e+04
3.643612755480067426e+04
3.643612776458458393e+04
3.643612797436849360e+04
3.643612818415240326e+04
3.643612839393631293e+04
3.643612856531157740e+04
3.643612873668684188e+04
3.643612890806210635e+04
3.643612907943737082e+04
3.643612925081263529e+04
3.643612942218789976e+04
3.643612956217853935e+04
3.643612970216917893e+04
3.643612984215981851e+04
3.643612998215045809e+04
3.643613012214109767e+04
3.643613026213173725e+04
3.643613037649433682e+04
3.643613049085693638e+04
3.643613060521953594e+04
3.643613071958213550e+04
3.643613083394473506e+04
3.643613094830733462e+04
3.643613104172434396e+04
3.643613113514135330e+04
3.643613122855836264e+04
3.643613132197537197e+04
3.643613141539238131e+04
3.643613150880939065e+04
3.643613158512290829e+04
3.643613166143642593e+04
3.643613173774995812e+04
3.643613181406348303e+04
3.643613189037700795e+04
3.643613196669051831e+04
3.643613202903367346e+04
3.643613209137682134e+04
3.643613215371997649e+04
3.643613221606313891e+04
3.643613227840629406e+04
3.643613234074944921e+04
3.643613239168274595e+04
3.643613244261604268e+04
3.643613249354933942e+04
3.643613254448263615e+04
3.643613259541593288e+04
3.643613264634922962e+04
3.643613268795088516e+04
3.643613272955254070e+04
3.643613277115419623e+04
3.643613281275585177e+04
3.643613285435750731e+04
3.643613289595916285e+04
3.643613292994491349e+04
3.643613296393067139e+04
3.643613299791640020e+04
3.643613303190214356e+04
3.643613306588788691e+04
3.643613309987363027e+04
3.643613312763035356e+04
3.643613315538708412e+04
3.643613318314380740e+04
3.643613321090052341e+04
3.643613323865724669e+04
3.643613326641396998e+04
3.643613328908492986e+04
3.643613331175589701e+04
3.643613333442684961e+04
3.643613335709780949e+04
3.643613337976876937e+04
3.643613340243972925e+04
3.643613342096073757e+04
3.643613343948174588e+04
3.643613345800275420e+04
3.643613347652376251e+04
3.643613349504477083e+04
3.643613351356577914e+04
3.643613352870356903e+04
3.643613354384136619e+04
3.643613355897915608e+04
3.643613357411693869e+04
3.643613358925472858e+04
3.643613360439251846e+04
3.643613361675036867e+04
3.643613362910821161e+04
3.643613364146606909e+04
3.643613365382393386e+04
3.643613366618179134e+04
3.643613367853963427e+04
3.643613368864566291e+04
3.643613369875168428e+04
3.643613370885772019e+04
3.643613371896374883e+04
3.643613372906977747e+04
3.643613373917580611e+04
3.643613374743379245e+04
3.643613375569177879e+04
3.643613376394976513e+04
3.643613377220776601e+04
3.643613378046574508e+04
3.643613378872373141e+04
3.643613379546455690e+04
3.643613380220538238e+04
3.643613380894620786e+04
3.643613381568703335e+04
3.643613382242785883e+04
3.643613382916868431e+04
3.643613383467416861e+04
3.643613384017965291e+04
3.643613384568513720e+04
3.643613385119062150e+04
3.643613385669610579e+04
3.643613386220159009e+04
3.643613386670136970e+04
3.643613387120114203e+04
3.643613387570094346e+04
3.643613388020073035e+04
3.643613388470051723e+04
3.643613388920030411e+04
3.643613389287846803e+04
3.643613389655663195e+04
3.643613390023481043e+04
3.643613390391298162e+04
3.643613390759115282e+04
3.643613391126932402e+04
3.643613391427043098e+04
3.643613391727153794e+04
3.643613392027264490e+04
3.643613392327375186e+04
3.643613392627485882e+04
3.643613392927596578e+04
3.643613393172889482e+04
3.643613393418183114e+04
3.643613393663477473e+04
3.643613393908771104e+04
3.643613394154064736e+04
3.643613394399358367e+04
3.643613394599936146e+04
3.643613394800513925e+04
3.643613395001091703e+04
3.643613395201669482e+04
3.643613395402247261e+04
3.643613395602825040e+04
3.643613395766398025e+04
3.643613395929969556e+04
3.643613396093541814e+04
3.643613396257114073e+04
3.643613396420686331e+04
3.643613396584258589e+04
3.643613396717273281e+04
3.643613396850287972e+04
3.643613396983302664e+04
3.643613397116317356e+04
3.643613397249332047e+04
3.643613397382346739e+04
3.643613397491342766e+04
3.643613397600338794e+04
3.643613397709334822e+04
3.643613397818330850e+04
3.643613397927326878e+04
3.643613398036322906e+04
3.643613398125304957e+04
3.643613398214287008e+04
3.643613398303269059e+04
3.643613398392251111e+04
3.643613398481233162e+04
3.643613398570215213e+04
3.643613398643134860e+04
3.643613398716055235e+04
3.643613398788976338e+04
3.643613398861896712e+04
3.643613398934817087e+04
3.643613399007737462e+04
3.643613399067728460e+04
3.643613399127720186e+04
3.643613399187710456e+04
3.643613399247701454e+04
3.643613399307692453e+04
3.643613399367683451e+04
3.643613399415794265e+04
3.643613399463905080e+04
3.643613399512015894e+04
3.643613399560126709e+04
3.643613399608237523e+04
3.643613399656348338e+04
3.643613399696052511e+04
3.643613399735756684e+04
3.643613399775460857e+04
3.643613399815165030e+04
3.643613399854869203e+04
3.643613399894573377e+04
3.643613399926811690e+04
3.643613399959049275e+04
3.643613399991286133e+04
3.643613400023523718e+04
3.643613400055761304e+04
3.643613400087998889e+04
3.643613400113915850e+04
3.643613400139832811e+04
3.643613400165749772e+04
3.643613400191666733e+04
3.643613400217583694e+04
3.643613400243500655e+04
3.643613400265343807e+04
3.643613400287186960e+04
3.643613400309030112e+04
3.643613400330874720e+04
3.643613400352717144e+04
3.643613400374560297e+04
3.643613400392669428e+04
3.643613400410778559e+04
3.643613400428887689e+04
3.643613400446996820e+04
3.643613400465105951e+04
3.643613400483215082e+04
3.643613400497553084e+04
3.643613400511891086e+04
3.643613400526229088e+04
3.643613400540567091e+04
3.643613400554905093e+04
3.643613400569243095e+04
3.643613400581262249e+04
3.643613400593281403e+04
3.643613400605300558e+04
3.643613400617319712e+04
3.643613400629338867e+04
3.643613400641358021e+04
3.643613400650981930e+04
3.643613400660605839e+04
3.643613400670229748e+04
3.643613400679853657e+04
3.643613400689477567e+04
3.643613400699101476e+04
3.643613400706610992e+04
3.643613400714120507e+04
3.643613400721628568e+04
3.643613400729137356e+04
3.643613400736646145e+04
3.643613400744154933e+04
3.643613400750156143e+04
3.643613400756156625e+04
3.643613400762158562e+04
3.643613400768161227e+04
3.643613400774163165e+04
3.643613400780163647e+04
3.643613400787040882e+04
3.643613400791555614e+04
3.643613400796070346e+04
3.643613400800585077e+04
3.643613400805099809e+04
3.643613400809614541e+04
3.643613400814129272e+04
3.643613400815283967e+04
3.643613400816077774e+04
3.643613400816871581e+04
3.643613400817666843e+04
3.643613400818461378e+04
3.643613400819254457e+04
3.643613400820048264e+04
3.643613400820921379e+04
3.643613400821794494e+04
3.643613400822667609e+04
3.643613400823540724e+04
3.643613400824413839e+04
3.643613400825516874e+04
3.643613400826618454e+04
3.643613400827720761e+04
3.643613400828823069e+04
3.643613400831576291e+04
3.643613400834328058e+04
3.643613400836139772e+04
3.643613400837950758e+04
3.643613400839761744e+04
3.643613400841572729e+04
3.643613400843421550e+04
3.643613400845270371e+04
3.643613400847119192e+04
3.643613400848966558e+04
3.643613400850814651e+04
3.643613400853073836e+04
3.643613400855332293e+04
3.643613400857590750e+04
3.643613400859849207e+04
3.643613400862107665e+04
3.643613400863738207e+04
3.643613400865368749e+04
3.643613400866999291e+04
3.643613400868629833e+04
3.643613400870260375e+04
3.643613400871890917e+04
3.643613400873426872e+04
3.643613400874962826e+04
3.643613400876498781e+04
3.643613400878034736e+04
3.643613400879570690e+04
3.643613400881106645e+04
3.643613400882654969e+04
3.643613400884201837e+04
3.643613400885749434e+04
3.643613400887297030e+04
3.643613400888844626e+04
3.643613400890491903e+04
3.643613400891642959e+04
3.643613400892794016e+04
3.643613400893945072e+04
3.643613400895096129e+04
3.643613400896247185e+04
3.643613400897398242e+04
3.643613400898376858e+04
3.643613400899355474e+04
3.643613400900334091e+04
3.643613400901312707e+04
3.643613400902291323e+04
3.643613400903269940e+04
3.643613400904357695e+04
3.643613400905063463e+04
3.643613400905486924e+04
3.643613400905910385e+04
3.643613400906333845e+04
3.643613400906757306e+04
3.643613400907180767e+04
3.643613400907765026e+04
3.643613400908349286e+04
3.643613400908933545e+04
3.643613400909517804e+04
3.643613400910385099e+04
3.643613400910972996e+04
3.643613400911560893e+04
3.643613400912148791e+04
3.643613400912736688e+04
3.643613400913324585e+04
3.643613400913730584e+04
3.643613400913825171e+04
3.643613400913919759e+04
3.643613400914014346e+04
3.643613400914108934e+04
3.643613400914203521e+04
3.643613400914298109e+04
3.643613400914439262e+04
3.643613400914472004e+04
3.643613400914490921e+04
3.643613400914509839e+04
3.643613400914528756e+04
3.643613400914547674e+04
3.643613400914566591e+04
3.643613400914586236e+04
3.643613400914605882e+04
3.643613400914625527e+04
3.643613400914645172e+04
