-2.220446049250313081e-16
1.665860557942266951e-06
3.331717784771370816e-06
1.999010683828572610e-05
3.664816285242622484e-05
8.787872667004315019e-05
1.391061405577875831e-04
1.903304047272680322e-04
3.316879603729727677e-04
4.730215313430985447e-04
6.143311226904923927e-04
1.615090983817291104e-03
2.614648568877164792e-03
3.613005663463786377e-03
6.054271678084477415e-03
8.488366820694315251e-03
1.091531746103013845e-02
1.333514982569039553e-02
2.206989747098231369e-02
3.071221028950033016e-02
3.926330781578224460e-02
4.772439016340368489e-02
7.785853700926170795e-02
1.068645965824321920e-01
1.347948616649019549e-01
1.616987461763177425e-01
1.876229633211268233e-01
2.148146114106588289e-01
2.409489222289185051e-01
2.660767867644182605e-01
2.902461830531504194e-01
3.135023725848129494e-01
3.358880782989042135e-01
3.688976306678366512e-01
4.000589064051893740e-01
4.294994511116474456e-01
4.573363877200400385e-01
4.836774152109410974e-01
5.086216784029082838e-01
5.302618634237132866e-01
5.508775511259238478e-01
5.705286527335740043e-01
5.892709247731078293e-01
6.071562971874884251e-01
6.242331773983378351e-01
6.413358184120312444e-01
6.576462776274689670e-01
6.732098858480287662e-01
6.880688962291838795e-01
7.022627268607212203e-01
7.158281798291857845e-01
7.299171746170677322e-01
7.433439742565158825e-01
7.561470166624869593e-01
7.683620950966791874e-01
7.800225702118964710e-01
7.911595577257241052e-01
8.025829528214153408e-01
8.134683810315899155e-01
8.238471266421726336e-01
8.337483189303867004e-01
8.431991045417400743e-01
8.522247995473047899e-01
8.614491867081042198e-01
8.702398716173046500e-01
8.786220315872659281e-01
8.866191132162964950e-01
8.942529706052857463e-01
9.015439865512261397e-01
9.090051752523694573e-01
9.161156578792574168e-01
9.228957844714715808e-01
9.293645074974868914e-01
9.355394937037161407e-01
9.414372209753919529e-01
9.474757926229915306e-01
9.532304416666943503e-01
9.587176439756950330e-01
9.639527446314414272e-01
9.689500486371543930e-01
9.737228982613805872e-01
9.786090959180393511e-01
9.832655016004459014e-01
9.877054489440976193e-01
9.919413573085011926e-01
9.959848053037299032e-01
9.998465923101916841e-01
1.003477687793894457e+00
1.006951738477903868e+00
1.010277135021468542e+00
1.013461736274223757e+00
1.016512906905574720e+00
1.019437553447906319e+00
1.022418374573977662e+00
1.025270557674974548e+00
1.028000955288312479e+00
1.030615987535322464e+00
1.033121674889567743e+00
1.035523665304994179e+00
1.038476229249628124e+00
1.041275792013073742e+00
1.043932096528469522e+00
1.046454154477360898e+00
1.048850325560919394e+00
1.051128360637430870e+00
1.053466197644686630e+00
1.055682774665536394e+00
1.057785816281943569e+00
1.059782474459765034e+00
1.061679379564032688e+00
1.063482672248827976e+00
1.065153134860013395e+00
1.066745187317250876e+00
1.068263364023009032e+00
1.069711889189954634e+00
1.071094697627513082e+00
1.072415458500577845e+00
1.073892387108723590e+00
1.075293594413901044e+00
1.076623833195932800e+00
1.077887506607749568e+00
1.079088708504228666e+00
1.080231239594959369e+00
1.081309929903088385e+00
1.082337556442379167e+00
1.083317086121840633e+00
1.084251284148441075e+00
1.085142727235155480e+00
1.085993816734023287e+00
1.086858151334542999e+00
1.087681805581482530e+00
1.088467120752711459e+00
1.089216280565461048e+00
1.089931325144304575e+00
1.090614158762926778e+00
1.091317035802307878e+00
1.091986547188740442e+00
1.092624621238575733e+00
1.093233057813906450e+00
1.093813540112166915e+00
1.094367638594786030e+00
1.094934929819185054e+00
1.095475178298161989e+00
1.095989946576596097e+00
1.096480694236181552e+00
1.096948786981906121e+00
1.097395498711204898e+00
1.097852074233218289e+00
1.098286799755175736e+00
1.098700935508956533e+00
1.099095659528434243e+00
1.099472074997562832e+00
1.099831210997704867e+00
1.100198369735308379e+00
1.100547851525530696e+00
1.100880674134200987e+00
1.101197789787983883e+00
1.101500091296645056e+00
1.101788411593115136e+00
1.102059118764611600e+00
1.102317735624877004e+00
1.102564908397364096e+00
1.102801242744453125e+00
1.103027305297519023e+00
1.103243626759037532e+00
1.103463696337804834e+00
1.103673865275761390e+00
1.103874657404497084e+00
1.104066564729017319e+00
1.104250051011386180e+00
1.104425551879923528e+00
1.104640717720442478e+00
1.104844130638031663e+00
1.105036513266820286e+00
1.105218539937733890e+00
1.105390857318799158e+00
1.105554072772416907e+00
1.105720900083225988e+00
1.105878395532112091e+00
1.106027134802028744e+00
1.106167662541146957e+00
1.106300496102012199e+00
1.106426114170125485e+00
1.106541831627386507e+00
1.106651497915154714e+00
1.106755464945431200e+00
1.106854061183594640e+00
1.106947589616057215e+00
1.107036330947746894e+00
1.107134831368087990e+00
1.107227509356127459e+00
1.107314711508202709e+00
1.107396764059546790e+00
1.107473985138587302e+00
1.107546674955744326e+00
1.107614551556814320e+00
1.107678480804257459e+00
1.107738689965143575e+00
1.107795393560316644e+00
1.107848791470090521e+00
1.107899068375916674e+00
1.107949361807683886e+00
1.107996512233290431e+00
1.108040694260346459e+00
1.108082073277555146e+00
1.108120807726572732e+00
1.108157046117100641e+00
1.108193518253461907e+00
1.108227409069406422e+00
1.108258859079168435e+00
1.108288003488735907e+00
1.108314974211132675e+00
1.108339894826751326e+00
1.108364505454101812e+00
1.108387017517239892e+00
1.108407543601830803e+00
1.108426193269069771e+00
1.108443074194656486e+00
1.108458286966822026e+00
1.108472855165227866e+00
1.108485720629321269e+00
1.108496972993804564e+00
1.108506700308555804e+00
1.108514989978711007e+00
1.108521923663039921e+00
1.108527945949592475e+00
1.108532582715787473e+00
1.108535904945289197e+00
1.108537983260164506e+00
1.108538888861447802e+00
1.108538688352115997e+00
1.108537468321843633e+00
1.108535286489249927e+00
1.108532193548434019e+00
1.108528237377028214e+00
1.108523461802748855e+00
1.108517907184786377e+00
1.108511189096542005e+00
1.108503679322067281e+00
1.108495415029401521e+00
1.108486432334536476e+00
1.108476767634662963e+00
1.108466455663921435e+00
1.108452290825643338e+00
1.108437195922921337e+00
1.108421200186967770e+00
1.108404336970279402e+00
1.108386659755348447e+00
1.108368226431647452e+00
1.108347528985662578e+00
1.108326059472376279e+00
1.108303844100570590e+00
1.108280919530294506e+00
1.108257332968938247e+00
1.108233127627858750e+00
1.108209013083138128e+00
1.108184365852816100e+00
1.108159216308426398e+00
1.108133593373215042e+00
1.108107520775103438e+00
1.108081018684135444e+00
1.108049400635841009e+00
1.108017271029124728e+00
1.107984637963026486e+00
1.107951514392463199e+00
1.107917928131835872e+00
1.107883910179619846e+00
1.107849779817732916e+00
1.107815261889462111e+00
1.107780373143469443e+00
1.107745132042580405e+00
1.107709555739706975e+00
1.107673658514233717e+00
1.107635123919864073e+00
1.107596260804395882e+00
1.107557077370866061e+00
1.107517583946761253e+00
1.107477794344917221e+00
1.107437722115190537e+00
1.107394196355112381e+00
1.107350372692577078e+00
1.107306254417269376e+00
1.107261848899266043e+00
1.107217168838436683e+00
1.107172226617397337e+00
1.107123716630707744e+00
1.107074929919966699e+00
1.107025867848360656e+00
1.106976536352082263e+00
1.106926946460954575e+00
1.106877108624095829e+00
1.106823437885886108e+00
1.106769503547959665e+00
1.106715305526554616e+00
1.106660848264519714e+00
1.106606141172714164e+00
1.106551193165533409e+00
1.106492021580169238e+00
1.106432591315166469e+00
1.106372900875284060e+00
1.106312953328440374e+00
1.106252756840647500e+00
1.106192319224172049e+00
1.106132667352486720e+00
1.106072788587896483e+00
1.106012688022605772e+00
1.105952370808400032e+00
1.105891840731370035e+00
1.105831100612316931e+00
1.105766267007731729e+00
1.105701206307777351e+00
1.105635918521995276e+00
1.105570404941765839e+00
1.105504669287810326e+00
1.105438715643558556e+00
1.105353434149698888e+00
1.105267830691839759e+00
1.105181881971653901e+00
1.105095572723488129e+00
1.105008911173679387e+00
1.104921913209811146e+00
1.104827574457149630e+00
1.104732863189247682e+00
1.104637764147522905e+00
1.104542275520427719e+00
1.104446408760558107e+00
1.104350173998092766e+00
1.104256212623818678e+00
1.104161901027348680e+00
1.104067245332332581e+00
1.103972251847632702e+00
1.103876923248511943e+00
1.103781260125739738e+00
1.103668525010958135e+00
1.103555356592206049e+00
1.103441737865942240e+00
1.103327658532929245e+00
1.103213124766538655e+00
1.103098147511632821e+00
1.102983706086377413e+00
1.102868830537412137e+00
1.102753522110698770e+00
1.102637784865468262e+00
1.102521622595135087e+00
1.102405037180671510e+00
1.102280464117109560e+00
1.102155420486212289e+00
1.102029902517789095e+00
1.101903909442392360e+00
1.101777444787508831e+00
1.101650512559512185e+00
1.101512987468725280e+00
1.101374928068315828e+00
1.101236328074085336e+00
1.101097186029369679e+00
1.100957506516672568e+00
1.100817294422804515e+00
1.100666088135353604e+00
1.100514276709265493e+00
1.100361854082559709e+00
1.100208819424770113e+00
1.100055177644388094e+00
1.099900933578289886e+00
1.099734754058081965e+00
1.099567890505331214e+00
1.099400337240038716e+00
1.099232093717999348e+00
1.099063164980752516e+00
1.098893555988077697e+00
1.098710608372865050e+00
1.098526886042066497e+00
1.098342383438353664e+00
1.098157100169499634e+00
1.097971041579916429e+00
1.097784213003151432e+00
1.097599310171461617e+00
1.097413661335856272e+00
1.097227269704532882e+00
1.097040138927711128e+00
1.096852271604064288e+00
1.096663669518703532e+00
1.096461602836773075e+00
1.096258708426077089e+00
1.096054985216058153e+00
1.095850433801374813e+00
1.095645057667200772e+00
1.095438860851425167e+00
1.095170854745898481e+00
1.094901517557228532e+00
1.094630823928889551e+00
1.094358757510277780e+00
1.094085328035314442e+00
1.093810554004460478e+00
1.093510274445224084e+00
1.093208432285864173e+00
1.092905011386078096e+00
1.092600011436700935e+00
1.092293448318157889e+00
1.091985336893907199e+00
1.091681390988460176e+00
1.091375958079541686e+00
1.091069046863823111e+00
1.090760667537466810e+00
1.090450827349353613e+00
1.090139531166832265e+00
1.089801951034430783e+00
1.089462698210135638e+00
1.089121772365285956e+00
1.088779176648885016e+00
1.088434920596744959e+00
1.088089015092399414e+00
1.087707510506439768e+00
1.087324048750843097e+00
1.086938626543304975e+00
1.086551248005419357e+00
1.086161927088289181e+00
1.085770678535536771e+00
1.085341009596773265e+00
1.084909073109933786e+00
1.084474867405694098e+00
1.084038399749102988e+00
1.083599687677862633e+00
1.083158748860701071e+00
1.082672839481315652e+00
1.082184295970472165e+00
1.081693118503189943e+00
1.081199317247837577e+00
1.080702913998267789e+00
1.080203930762582365e+00
1.079650424463109104e+00
1.079093831636083189e+00
1.078534154187201999e+00
1.077971405880794986e+00
1.077405614698211611e+00
1.076836809063627109e+00
1.076201579885291082e+00
1.075562703848173207e+00
1.074920185216871271e+00
1.074274042771117044e+00
1.073624313293382482e+00
1.072971034393702672e+00
1.072236153304544359e+00
1.071496927764415297e+00
1.070753365185280970e+00
1.070005491820752885e+00
1.069253357393264103e+00
1.068497012661392631e+00
1.067711251693175711e+00
1.066921080781710884e+00
1.066126532110974079e+00
1.065327647785148990e+00
1.064524475537110160e+00
1.063717060014666593e+00
1.062805875323878713e+00
1.061889477697619100e+00
1.060967897881485600e+00
1.060041180600108213e+00
1.059109391267935907e+00
1.058172597692599304e+00
1.057098280080770669e+00
1.056017646169287616e+00
1.054930733999801973e+00
1.053837605991086113e+00
1.052738358713802835e+00
1.051633091739675230e+00
1.050246125861065583e+00
1.048850192181651320e+00
1.047445311806739721e+00
1.046031561995213188e+00
1.044609129814414672e+00
1.043178225880321497e+00
1.041330542177544283e+00
1.039469807146197189e+00
1.037595946828250071e+00
1.035709046257943466e+00
1.033809516503576997e+00
1.031897841045065434e+00
1.029812512856832729e+00
1.027713721033812089e+00
1.025601624450407368e+00
1.023476566774216501e+00
1.021339036728205141e+00
1.019189478950111472e+00
1.016629731519393731e+00
1.015343456389215859e+00
1.014053159453493835e+00
1.012759158262685588e+00
1.011461546723010585e+00
1.010160284838173661e+00
1.008855389469618835e+00
1.005860781984968977e+00
1.002848996093061551e+00
9.998217566914724408e-01
9.967794338552378175e-01
9.937217966560696336e-01
9.921868834717955110e-01
9.906483777076547925e-01
9.891066515744114662e-01
9.875617733740016391e-01
9.860136972813478007e-01
9.844624812757327703e-01
9.834709035594226822e-01
9.824781376979223602e-01
9.814841997795010764e-01
9.804891200229818304e-01
9.794929292982079705e-01
9.753901103486514179e-01
9.743623343549120408e-01
9.733335917200777176e-01
9.723037620968210115e-01
9.712729091135060555e-01
9.702411255975185167e-01
9.669339581146021434e-01
9.661034031486075424e-01
9.652723607341699985e-01
9.644410332914197248e-01
9.636093084279711007e-01
9.628712276479740595e-01
9.621327450013994476e-01
9.613938852322160278e-01
9.606546666014567082e-01
9.597482644811989871e-01
9.588413533311603842e-01
9.579339379737679128e-01
9.570260345766988808e-01
9.520119156109418945e-01
9.513846858939313256e-01
9.507572721867274534e-01
9.501296404787104022e-01
9.495018264285420839e-01
9.488738608499971416e-01
9.478998639193930709e-01
9.469255238750727832e-01
9.459508307710852160e-01
9.449757991706821958e-01
9.400587939459990050e-01
9.388292521954580971e-01
9.375994491573039769e-01
9.363692547414770306e-01
9.351387477875691134e-01
9.339080390015137567e-01
9.297732842969549383e-01
9.292550042395911758e-01
9.287368330212609768e-01
9.282187633267938720e-01
9.277007163721784355e-01
9.264887383876549976e-01
9.252767203255802819e-01
9.240646826817608961e-01
9.228526997554264977e-01
9.189915252621896347e-01
9.180248592657359596e-01
9.170583616435477037e-01
9.160921757286493161e-01
9.151262303994053271e-01
9.141753730842122616e-01
9.132246877714264022e-01
9.122741985277887933e-01
9.113239277970707208e-01
9.101946918989912705e-01
9.090658096400562327e-01
9.079372949116776281e-01
9.068091706238173844e-01
8.994151306407559554e-01
8.984932121975417463e-01
8.975716754691611676e-01
8.966504519139072427e-01
8.957296091724814557e-01
8.948092091336661280e-01
8.936408707282751385e-01
8.924732700790027895e-01
8.913064073207067617e-01
8.901403031295070933e-01
8.885588550003951092e-01
8.869788946112616701e-01
8.854004981846946842e-01
8.838237294071192851e-01
8.822486404839890994e-01
8.751856107813845709e-01
8.743058396137414201e-01
8.734266956774440205e-01
8.725481475118186392e-01
8.716702334809539598e-01
8.707929884256053743e-01
8.695812967672517102e-01
8.683709161770860607e-01
8.671618516742184424e-01
8.659541245385149466e-01
8.643307587022410754e-01
8.627099052276950841e-01
8.610916358028725126e-01
8.594760118317467112e-01
8.578630849181383411e-01
8.503013817213671555e-01
8.493611112768182370e-01
8.484218843011692712e-01
8.474836713435079938e-01
8.465465101968028261e-01
8.456104356503154618e-01
8.443709374352226238e-01
8.431333822963369418e-01
8.418977777867978629e-01
8.406641448393102900e-01
8.397380319695441075e-01
8.388130493984256031e-01
8.378892123423655747e-01
8.369665343055010531e-01
8.360450247309760829e-01
8.290642712445027707e-01
8.221530108031401829e-01
8.212948465845436585e-01
8.204378436505928018e-01
8.195819863247333359e-01
8.187273237950938309e-01
8.178738888547762986e-01
8.154991464474858898e-01
8.131342017578151449e-01
8.107790019982232810e-01
8.084336355637112836e-01
8.026862498427919101e-01
8.012594697641856056e-01
7.998366765585488425e-01
7.984178442096335759e-01
7.970030288737596225e-01
7.955922906106913661e-01
7.943641757114680013e-01
7.931392117549267429e-01
7.919174092484667637e-01
7.906987810486005852e-01
7.892107637319210056e-01
7.877275546541340212e-01
7.862491938194451357e-01
7.847757169325032534e-01
7.833071537697411379e-01
7.750309806758699516e-01
7.740082584962814094e-01
7.729881360308601401e-01
7.719705945399277791e-01
7.709556605857009748e-01
7.699433599127782912e-01
7.676539601533203250e-01
7.653783490771456366e-01
7.631165106539449239e-01
7.608685208010518286e-01
7.549778427151175864e-01
7.535209535794900049e-01
7.520703403942990972e-01
7.506259789980345154e-01
7.491879148178378633e-01
7.477561968850160445e-01
7.434131459472969050e-01
7.391314087958571477e-01
7.349099721903340487e-01
7.307489850684012467e-01
7.293163161263053196e-01
7.278907351040015961e-01
7.264724960269733911e-01
7.250618118228097098e-01
7.236587183045153360e-01
7.180537907717752244e-01
7.160707968479412822e-01
7.141037388038286027e-01
7.121529693299630814e-01
7.102184764780677950e-01
7.061562483662686684e-01
7.021680456830045047e-01
6.982529646057038519e-01
6.944110653350691331e-01
6.928385123786813260e-01
6.912783103971740228e-01
6.897306714329893840e-01
6.881957792275099628e-01
6.866736532710339125e-01
6.828223654493423833e-01
6.790554519688251078e-01
6.753716187168392615e-01
6.717704580139954862e-01
6.691930275169604148e-01
6.666591422979427639e-01
6.641689926760708795e-01
6.617226735819436989e-01
6.593200251120563404e-01
6.546978285852197432e-01
6.524498347538069121e-01
6.502436087692919919e-01
6.480788822643310798e-01
6.459553961731779870e-01
6.438728954272012750e-01
6.395623806232511033e-01
6.374760607847328453e-01
6.354351204794843611e-01
6.334390799483565759e-01
6.314875425604191683e-01
6.295801375085039453e-01
6.267443941267045737e-01
6.240095378439793894e-01
6.213740273705725681e-01
6.188362247010170680e-01
6.176035052776946976e-01
6.163945600416376180e-01
6.152091532162344834e-01
6.140470766389610757e-01
6.129081191481704494e-01
6.110921026879925222e-01
6.108692972553935174e-01
6.106474471460174858e-01
6.104265450660613102e-01
6.102065822589268773e-01
6.098734291682285091e-01
6.097904782483334341e-01
6.097076625850725851e-01
6.096249820402352970e-01
6.095424364138510853e-01
6.089977023876061990e-01
6.084588805851619542e-01
6.079259359729090040e-01
6.073988361495719079e-01
6.061654885372307344e-01
6.049647306480241404e-01
6.037961219858476447e-01
6.026592094397029697e-01
6.015535322353686709e-01
5.995656454877460462e-01
5.976826154252926626e-01
5.967794577344656126e-01
5.959013576762925979e-01
5.950479302462625686e-01
5.942187882652023578e-01
5.934135426603412977e-01
5.926318039271720739e-01
5.904965513291691170e-01
5.894986970224723732e-01
5.885457788652137534e-01
5.876366179096378373e-01
5.867700366861373640e-01
5.859448596160844458e-01
5.851599154764290933e-01
5.835903516995402107e-01
5.821928380139600456e-01
5.815548834230068742e-01
5.809555649555264711e-01
5.803934956137912771e-01
5.798672761803751463e-01
5.793755059704441823e-01
5.789168075031103644e-01
5.781235776670815563e-01
5.774380523691040601e-01
5.768511503549870190e-01
5.763540036574806846e-01
5.759380340349588012e-01
5.755950263568085923e-01
5.753242434057497245e-01
5.751079940715775329e-01
5.749396743956380895e-01
5.748129917562003754e-01
5.747219819963724774e-01
5.746610108877405754e-01
5.746261421324954100e-01
5.746092039403078999e-01
5.746062156171571900e-01
5.746134565006083550e-01
5.746274624472216264e-01
5.746450239963836193e-01
5.746624071262813604e-01
5.746740635158907873e-01
5.746792550190096271e-01
5.746822025997089245e-01
5.746849108356114622e-01
5.746873565929440097e-01
5.746895173079326069e-01
5.746913709798129322e-01
5.746928961094246446e-01
5.746953311273708120e-01
5.746934686378430968e-01
5.746866916097488343e-01
5.746744355849400243e-01
5.746561886040220113e-01
5.746314889669164039e-01
5.745695850543014460e-01
5.744835114528922260e-01
5.743716948186741167e-01
5.742329986627521254e-01
5.740667111055308691e-01
5.738725125153201212e-01
5.736715196857187227e-01
5.734476804951929019e-01
5.732014602481307897e-01
5.729335102284154324e-01
5.726446480303555298e-01
5.723358416540961224e-01
5.720114185187858968e-01
5.716696981204054673e-01
5.713119619977904406e-01
5.709395717298915152e-01
5.705539543479132281e-01
5.701565884878130319e-01
5.697547322908870226e-01
5.693444039373413146e-01
5.689270918104061270e-01
5.685042841948795278e-01
5.680774589256364360e-01
5.676480738118281355e-01
5.672257109433140876e-01
5.668035734374695656e-01
5.663829339128946261e-01
5.659650167783134567e-01
5.655509925272788063e-01
5.651419728386519736e-01
5.647461915813023481e-01
5.643571777925942001e-01
5.639757962915332712e-01
5.636028440032249121e-01
5.632390480649920317e-01
5.628850645423415511e-01
5.625221420608064182e-01
5.621714418447016914e-01
5.618334751504450164e-01
5.615086635013062377e-01
5.611973399852085986e-01
5.608997506787505305e-01
5.606023417333994008e-01
5.603203296751391171e-01
5.600537067650747103e-01
5.598023738565915952e-01
5.595661452326892160e-01
5.593447534960407364e-01
5.591417176170361270e-01
5.589522303236821310e-01
5.587758421797179853e-01
5.586120497421833697e-01
5.584603012120741283e-01
5.583200023002703460e-01
5.581933844256190547e-01
5.580764764592764937e-01
5.579686388648839035e-01
5.578692141737784382e-01
5.577775319441997670e-01
5.576929136815451660e-01
5.576173398424916217e-01
5.575470939671196557e-01
5.574815695696826445e-01
5.574201680820618510e-01
5.573623020906033343e-01
5.573073984521257351e-01
5.572599647995259975e-01
5.572140935982861087e-01
5.571848889370458746e-01
5.571560840558480443e-01
5.571275808136948449e-01
5.570992840891411113e-01
5.570711019386285212e-01
5.570429457767033243e-01
5.569920492607679519e-01
5.569404960556887385e-01
5.568878569622965902e-01
5.568337422914935164e-01
5.567778031122800897e-01
5.567197318563645858e-01
5.566499635023474113e-01
5.565766870624555551e-01
5.564996358478174754e-01
5.564186135045806614e-01
5.563334923154741318e-01
5.562442104384490715e-01
5.561556675601609934e-01
5.560634306600140686e-01
5.559675954150948840e-01
5.558682996584907166e-01
5.557657199635177570e-01
5.556600682055392593e-01
5.555552176276312704e-01
5.554479675391394977e-01
5.553385843655820331e-01
5.552273524140975969e-01
5.551145706168572058e-01
5.550005493460401507e-01
5.548879607106458334e-01
5.547747927171515769e-01
5.546613516448588577e-01
5.545479430579607349e-01
5.544348692759091257e-01
5.543224269833462170e-01
5.542129384015738180e-01
5.541046005020678900e-01
5.539976660021507238e-01
5.538923748602663233e-01
5.537889527983704818e-01
5.536876099922458661e-01
5.536036781255644357e-01
5.535214788507123451e-01
5.534411100083163060e-01
5.533626596838638889e-01
5.532862059751855188e-01
5.532118168725053131e-01
5.531277536862915234e-01
5.530466503100734954e-01
5.529685616801807146e-01
5.528935238966374843e-01
5.528215545514403306e-01
5.527526531152379130e-01
5.526868865311604928e-01
5.526241266434559485e-01
5.525643223127332249e-01
5.525074070973934326e-01
5.524533001654278186e-01
5.524019072801221730e-01
5.523542047542563393e-01
5.523088824668250796e-01
5.522658213844544584e-01
5.522248943257129783e-01
5.521859670472235582e-01
5.521488993549874547e-01
5.521148065121443960e-01
5.520821724868512081e-01
5.520508619680846163e-01
5.520207382465078805e-01
5.519916641018198789e-01
5.519635026765326025e-01
5.519389738001783119e-01
5.519149709141965010e-01
5.519070425425900428e-01
5.518991590196677954e-01
5.518937292472376743e-01
5.518883181645082292e-01
5.518829246466347982e-01
5.518775475771870997e-01
5.518721858478861098e-01
5.518668383581477599e-01
5.518492436216468899e-01
5.518317539054764520e-01
5.518143314752483874e-01
5.517969397984118229e-01
5.517795436346852878e-01
5.517621090982807175e-01
5.517301013523390196e-01
5.516976748426432042e-01
5.516646629743002794e-01
5.516309177275112718e-01
5.515963104821846041e-01
5.515607324921720789e-01
5.515254305641026367e-01
5.514890821905240603e-01
5.514516430728690910e-01
5.514130860295224368e-01
5.513734005833257346e-01
5.513325924185257243e-01
5.512928504497268678e-01
5.512521468652140655e-01
5.512105232559105783e-01
5.511680316551930137e-01
5.511247337062668006e-01
5.510806997892568893e-01
5.510371453719051793e-01
5.509930446626216671e-01
5.509484816398111384e-01
5.509035446828483007e-01
5.508583256741770295e-01
5.508129191034960570e-01
5.507680598774548075e-01
5.507232048424370863e-01
5.506784469891091716e-01
5.506338785094195831e-01
5.505895900471486915e-01
5.505456699837667500e-01
5.505025095065466667e-01
5.504598766320349945e-01
5.504178474768506302e-01
5.503764935954174042e-01
5.503358815104582025e-01
5.502960722968095464e-01
5.502586689298338829e-01
5.502220997339649644e-01
5.501864028869757339e-01
5.501516110046887897e-01
5.501177510239430024e-01
5.500848441333098249e-01
5.500529155527400516e-01
5.500219645135331348e-01
5.499919949551452802e-01
5.499630052088754217e-01
5.499349881309758548e-01
5.499079312716506074e-01
5.498821528272133108e-01
5.498572710211553360e-01
5.498332599573598767e-01
5.498100896381130642e-01
5.497877262577302027e-01
5.497661325166602886e-01
5.497458594134370102e-01
5.497262344625358788e-01
5.497072158524055618e-01
5.496887598852977508e-01
5.496708212974910079e-01
5.496533535840795182e-01
5.496375448907027117e-01
5.496220616642673029e-01
5.496068654822128252e-01
5.495954480105638140e-01
5.495883987440992602e-01
5.495813949282211119e-01
5.495744325045194278e-01
5.495675074417452066e-01
5.495606157414469894e-01
5.495537534432337612e-01
5.495349420151438569e-01
5.495162444859196249e-01
5.494975839510793936e-01
5.494788874849376725e-01
5.494600867367461783e-01
5.494411184573617657e-01
5.494201532230382767e-01
5.493988527127329213e-01
5.493771587925989630e-01
5.493550225902947837e-01
5.493324047553784784e-01
5.493092755839574792e-01
5.492882898092852351e-01
5.492668770824725710e-01
5.492450355586131483e-01
5.492227690776352311e-01
5.492000869575457411e-01
5.491770037529808413e-01
5.491545037124232476e-01
5.491316737833392692e-01
5.491085387952199248e-01
5.490851268732812596e-01
5.490614691029255257e-01
5.490375991785145793e-01
5.490137953586927688e-01
5.489898555076119235e-01
5.489658177183691645e-01
5.489417211428270216e-01
5.489176056246456437e-01
5.488935113353483608e-01
5.488693676145589562e-01
5.488453261447092668e-01
5.488214265054077723e-01
5.487977072119269994e-01
5.487742054005980696e-01
5.487509565329899974e-01
5.487274112988315133e-01
5.487147653380666235e-01
5.487022232614793271e-01
5.486897899034861581e-01
5.486774698383265481e-01
5.486652673726037932e-01
5.486531865401114150e-01
5.486361511577184658e-01
5.486193813879454151e-01
5.486028859017804127e-01
5.485866721035830285e-01
5.485707461132168783e-01
5.485551127532023452e-01
5.485380409591500417e-01
5.485213398303354637e-01
5.485050103238242603e-01
5.484890514257579897e-01
5.484734601913772156e-01
5.484582317949731056e-01
5.484434178746997457e-01
5.484289490410251267e-01
5.484148153704440087e-01
5.484010053951640096e-01
5.483875062024514691e-01
5.483743035416990264e-01
5.483619210197050453e-01
5.483497818207898611e-01
5.483378705656962726e-01
5.483261711498215174e-01
5.483146668494347509e-01
5.483033404302886105e-01
5.482938737509864824e-01
5.482875242801319438e-01
5.482812191068000551e-01
5.482749548114661531e-01
5.482687279659750335e-01
5.482625351406684722e-01
5.482563729114353634e-01
5.482452927561198841e-01
5.482342815417504678e-01
5.482233195622063793e-01
5.482123875453717154e-01
5.482014667682298947e-01
5.481905391643564496e-01
5.481736486859252189e-01
5.481566419008121471e-01
5.481394650506996591e-01
5.481220705335394516e-01
5.481044174438798322e-01
5.480899162885199960e-01
5.480752090359415352e-01
5.480602845225350794e-01
5.480451348337349593e-01
5.480297553019632950e-01
5.480141444772017589e-01
5.479991906377859046e-01
5.479840359324150700e-01
5.479686866252198030e-01
5.479531511964690349e-01
5.479374402126941934e-01
5.479215661806960957e-01
5.479056652654781256e-01
5.478896333571434685e-01
5.478734873610948686e-01
5.478572453755214955e-01
5.478409264987386118e-01
5.478245506315218005e-01
5.478079356357987706e-01
5.477913049339202534e-01
5.477746804182346274e-01
5.477580839755313846e-01
5.477415372800107374e-01
5.477250615922654164e-01
5.477068047872304390e-01
5.476886893008799939e-01
5.476707410520015307e-01
5.476529841728506875e-01
5.476405709303986402e-01
5.476282713228004528e-01
5.476160918775088149e-01
5.476121316475577316e-01
5.476081851258930433e-01
5.476042524971719283e-01
5.476003339382369273e-01
5.475964296181337065e-01
5.475925396981684568e-01
5.475838312936969210e-01
5.475751983216652352e-01
5.475666421820100105e-01
5.475581640648843340e-01
5.475497649492251373e-01
5.475414456021958642e-01
5.475310305630116670e-01
5.475207448356639306e-01
5.475105885172902864e-01
5.475005611698053887e-01
5.474906618287747051e-01
5.474808890142532913e-01
5.474702958783730367e-01
5.474598497232343597e-01
5.474495465859572363e-01
5.474413565214730770e-01
5.474332533809226353e-01
5.474252342017944528e-01
5.474194759294477297e-01
5.474137587769463131e-01
5.474080814054245181e-01
5.474024424256426213e-01
5.473985725743396591e-01
5.473947198373696477e-01
5.473927221252579134e-01
5.473907288397258375e-01
5.473887399092050021e-01
5.473867552614672949e-01
5.473847748236128075e-01
5.473788201719462787e-01
5.473729011676489176e-01
5.473670157096695021e-01
5.473611616578817340e-01
5.473553368383667905e-01
5.473495390482909784e-01
5.473405283419467970e-01
5.473315696147804665e-01
5.473226542312449316e-01
5.473137735472157761e-01
5.473049189588365948e-01
5.472960819497616480e-01
5.472828748253930620e-01
5.472696610541712969e-01
5.472564145671003910e-01
5.472431108130653143e-01
5.472297270355153120e-01
5.472162425143454190e-01
5.472032223218230573e-01
5.471900787318459969e-01
5.471767997730079269e-01
5.471633757177998270e-01
5.471497991426037544e-01
5.471360649599521508e-01
5.471233240996603575e-01
5.471104478476773725e-01
5.470974374090751269e-01
5.470842955497225990e-01
5.470710265340090750e-01
5.470576360494505685e-01
5.470443946871537122e-01
5.470310510542480964e-01
5.470176139648343927e-01
5.470040931647880411e-01
5.469904992164272839e-01
5.469768433774804262e-01
5.469627901761162647e-01
5.469486975762687386e-01
5.469345791445975324e-01
5.469204486383176800e-01
5.469063198573896889e-01
5.468922064988475107e-01
5.468760179843009661e-01
5.468598874201288096e-01
5.468438336778310704e-01
5.468278744602397268e-01
5.468120260803142063e-01
5.467995728924370802e-01
5.467872048856804446e-01
5.467749278444309358e-01
5.467627467732422142e-01
5.467506658648142448e-01
5.467386884768959954e-01
5.467299004399439610e-01
5.467211710966579652e-01
5.467125008990523227e-01
5.467038900400459367e-01
5.466953384553152606e-01
5.466868458266382902e-01
5.466778341956449738e-01
5.466688882372557901e-01
5.466600066449300854e-01
5.466511878070576813e-01
5.466424298178744756e-01
5.466337350547878504e-01
5.466250964634373766e-01
5.466165113506356033e-01
5.466079767935736466e-01
5.465994896612789145e-01
5.465910466303660620e-01
5.465815300370563401e-01
5.465720602220569546e-01
5.465626316353848768e-01
5.465532385490748934e-01
5.465438750964419778e-01
5.465345353111112914e-01
5.465227612504202082e-01
5.465110031621929210e-01
5.464992489444545631e-01
5.464874866990071522e-01
5.464757048515096471e-01
5.464638922650217889e-01
5.464489866257340456e-01
5.464339962020337005e-01
5.464189033270319129e-01
5.464036924721882293e-01
5.463883504526458879e-01
5.463728665854328259e-01
5.463599310468294501e-01
5.463468894626121175e-01
5.463337399188790133e-01
5.463204817700071381e-01
5.463071156192875755e-01
5.462936432865603820e-01
5.462792928342457000e-01
5.462648319463094815e-01
5.462531422083067856e-01
5.462413890043060771e-01
5.462295765027085359e-01
5.462177093093959490e-01
5.462057924052496904e-01
5.461935715144778936e-01
5.461813101918371327e-01
5.461690145559012777e-01
5.461566908989290425e-01
5.461443456373291649e-01
5.461319852404378228e-01
5.461175512335013638e-01
5.461031155188622588e-01
5.460886879622415258e-01
5.460742780651757222e-01
5.460598948514140405e-01
5.460455467598901436e-01
5.460307418057465112e-01
5.460159905234158728e-01
5.460012996912011474e-01
5.459866750504718258e-01
5.459721212452073313e-01
5.459576417770413137e-01
5.459457356835486497e-01
5.459338826559618774e-01
5.459220828469553144e-01
5.459103358602690470e-01
5.458986407603364510e-01
5.458869960873427019e-01
5.458747474428362612e-01
5.458625499528652059e-01
5.458527234698571373e-01
5.458429261015961265e-01
5.458331555409666747e-01
5.458234092973635043e-01
5.458136847088824739e-01
5.458032369274633533e-01
5.457928072767237460e-01
5.457823918914941341e-01
5.457719867812775849e-01
5.457615878633437223e-01
5.457511909889662949e-01
5.457379043164222177e-01
5.457246054027583559e-01
5.457112855893183623e-01
5.456979364031648849e-01
5.456845496516039562e-01
5.456711175105917189e-01
5.456550030646702965e-01
5.456388018107601878e-01
5.456225034432660159e-01
5.456060990531410582e-01
5.455895812453540605e-01
5.455729442275498720e-01
5.455584646506540514e-01
5.455438912522407868e-01
5.455292233350174103e-01
5.455144611397857446e-01
5.454996058232871592e-01
5.454846594250993830e-01
5.454700337926989828e-01
5.454553280380288749e-01
5.454405461728377702e-01
5.454256927946656841e-01
5.454107730188100245e-01
5.453957924050844008e-01
5.453797862595115564e-01
5.453637254028510517e-01
5.453476175901461609e-01
5.453314707156726726e-01
5.453152926981161830e-01
5.452990913672040030e-01
5.452764059364816340e-01
5.452537096011403905e-01
5.452359773970503198e-01
5.452182573869008841e-01
5.452005564038950869e-01
5.451828802520641837e-01
5.451652336220107475e-01
5.451476200308950082e-01
5.451343922705471634e-01
5.451211850560360173e-01
5.451079985100555358e-01
5.450948323582823773e-01
5.450816859362764832e-01
5.450685582007028795e-01
5.450542179024759903e-01
5.450398959357334316e-01
5.450255895240250226e-01
5.450112954493295803e-01
5.449998036108851807e-01
5.449883153709456085e-01
5.449768285424567704e-01
5.449653408324750536e-01
5.449538498526871333e-01
5.449395381553765461e-01
5.449252126718303613e-01
5.449108684089489785e-01
5.448965003393917428e-01
5.448821034578237299e-01
5.448676728301369288e-01
5.448457647254317804e-01
5.448237525287057403e-01
5.448016216357920438e-01
5.447836793919411669e-01
5.447656455344092041e-01
5.447475150069127636e-01
5.447292836904888969e-01
5.447109484527059564e-01
5.446925071800813312e-01
5.446755431050418483e-01
5.446584892998058702e-01
5.446413463944410616e-01
5.446241157019382495e-01
5.446067991866532232e-01
5.445893994238104607e-01
5.445716542146741279e-01
5.445538302680297260e-01
5.445359318719467101e-01
5.445179637144170748e-01
5.444999308066377219e-01
5.444818384028078384e-01
5.444611420340208507e-01
5.444403834897870720e-01
5.444195708818446722e-01
5.443987121353197622e-01
5.443778148382214521e-01
5.443568860994829617e-01
5.443358582257009637e-01
5.443148110649387306e-01
5.442937496098656514e-01
5.442726779275890436e-01
5.442515990928109559e-01
5.442305151406767738e-01
5.442125209381305506e-01
5.441945237152436832e-01
5.441765228936630283e-01
5.441585173437721856e-01
5.441405054052659285e-01
5.441224849155232857e-01
5.441044102011347583e-01
5.440863211700326385e-01
5.440682143538896343e-01
5.440500859477739315e-01
5.440319318646087421e-01
5.440137477926301202e-01
5.439925485291126073e-01
5.439712953935489370e-01
5.439499811075731994e-01
5.439285984645396699e-01
5.439071404566573342e-01
5.438856003955643281e-01
5.438618170004068109e-01
5.438379193185585159e-01
5.438139007193535379e-01
5.437897556248423303e-01
5.437654796069865126e-01
5.437410694571056524e-01
5.437200883698138920e-01
5.436990072810492514e-01
5.436778263868151662e-01
5.436565465408483844e-01
5.436351692267543667e-01
5.436136965201636695e-01
5.435922188504086483e-01
5.435706522327241608e-01
5.435490001598032306e-01
5.435272664781723995e-01
5.435054553164220259e-01
5.434835710098993022e-01
5.434578308073754194e-01
5.434320035035200558e-01
5.434060962894557978e-01
5.433801161116296186e-01
5.433540695125628206e-01
5.433279624830280596e-01
5.433029982007689940e-01
5.432779876599707070e-01
5.432529340548571950e-01
5.432278397803347314e-01
5.432027063894874219e-01
5.431775345692319013e-01
5.431547775146166046e-01
5.431319882398695231e-01
5.431091654585069595e-01
5.430863073587539613e-01
5.430634116230987907e-01
5.430407098064294891e-01
5.430179653243087934e-01
5.429951747468895196e-01
5.429723343676935432e-01
5.429494402690374644e-01
5.429264883798986530e-01
5.429003058162122919e-01
5.428740369277003097e-01
5.428476756303420858e-01
5.428212160438898870e-01
5.427946526041713682e-01
5.427679801665091786e-01
5.427402326774778407e-01
5.427123588124019848e-01
5.426843548743212065e-01
5.426562179995828572e-01
5.426279462005845211e-01
5.425995383885640067e-01
5.425720171322838681e-01
5.425443698194754027e-01
5.425165978048992477e-01
5.424887031305374308e-01
5.424664060419032152e-01
5.424440344573558948e-01
5.424215901585143218e-01
5.423990751108996866e-01
5.423764914211350874e-01
5.423518830909442867e-01
5.423271993005114311e-01
5.423024430185180433e-01
5.422776172190525434e-01
5.422527248353712359e-01
5.422277687054645190e-01
5.421842156420826342e-01
5.421515791171998000e-01
5.421188511328567383e-01
5.420860353295424705e-01
5.420531344150590902e-01
5.420201500942841699e-01
5.419870830315542953e-01
5.419611035964211343e-01
5.419350724463054547e-01
5.419089885733345824e-01
5.418828506258037692e-01
5.418566569056821880e-01
5.418284928550687329e-01
5.418002594573116948e-01
5.417719535570997280e-01
5.417435717543502838e-01
5.417151104654887028e-01
5.416865659833528523e-01
5.416526857706772669e-01
5.416186776596618735e-01
5.415845356188011550e-01
5.415502539361349843e-01
5.415158273511770926e-01
5.414812511735226375e-01
5.414479734772281727e-01
5.414145518353493669e-01
5.413809840569450138e-01
5.413472686751397145e-01
5.413134049627508215e-01
5.412793929301991103e-01
5.412402002311753613e-01
5.412096053969210896e-01
5.411788960678503013e-01
5.411480740691365643e-01
5.411171415481406122e-01
5.410861009127528876e-01
5.410547800658612738e-01
5.410233553408104745e-01
5.409918296096265511e-01
5.409602057740778847e-01
5.409284867119801277e-01
5.408966752090971220e-01
5.408459421665698930e-01
5.408063234865985169e-01
5.407665769261171818e-01
5.407267054109098359e-01
5.406867110096831297e-01
5.406465948700789337e-01
5.406063571866739359e-01
5.405688203472791553e-01
5.405311763559490501e-01
5.404934232223845836e-01
5.404555583518744211e-01
5.404259370764450399e-01
5.403962441750518320e-01
5.403664778019419135e-01
5.403366360017797243e-01
5.403067167260039438e-01
5.402701370802212022e-01
5.402334352878468415e-01
5.401966074903237214e-01
5.401596499363512383e-01
5.401225590560880807e-01
5.400853315303514313e-01
5.400406033604876477e-01
5.399956708499349389e-01
5.399505304630952685e-01
5.399051796354970012e-01
5.398596168218048330e-01
5.398138415118012290e-01
5.397641320061317138e-01
5.397293443295333448e-01
5.396944382860751066e-01
5.396594151194520350e-01
5.396242763216509974e-01
5.395890235686613412e-01
5.395521453339342521e-01
5.395151473661412567e-01
5.394780319197340912e-01
5.394408012803729724e-01
5.394034577142787779e-01
5.393660034104836853e-01
5.393004167900186108e-01
5.392511470498480008e-01
5.392017008685803248e-01
5.391520806363052642e-01
5.391022878309158495e-01
5.390523229602758315e-01
5.390021855406512685e-01
5.389496431513850494e-01
5.389075578372498621e-01
5.388653479628275900e-01
5.388230113035311630e-01
5.387805453317195958e-01
5.387379472505813283e-01
5.386960421004143296e-01
5.386540040700057430e-01
5.386118301425851795e-01
5.385695173110953693e-01
5.385270626462584920e-01
5.384844633506358225e-01
5.384110010766598453e-01
5.383630274258623949e-01
5.383148631804337558e-01
5.382665063060958488e-01
5.382179553379839998e-01
5.381692094038872387e-01
5.381202682278589666e-01
5.380577389896425977e-01
5.380150729387844777e-01
5.379722630949219653e-01
5.379293106443823191e-01
5.378862170074760751e-01
5.378429837691751647e-01
5.377972786411358008e-01
5.377514224926245312e-01
5.377054174440136780e-01
5.376592656039691498e-01
5.376129690139594963e-01
5.375665295852170011e-01
5.374968254091918585e-01
5.374405572994894742e-01
5.373840901109687707e-01
5.373274249801789360e-01
5.372705623192339797e-01
5.372135017923751477e-01
5.371562423173641410e-01
5.370920637838541012e-01
5.370433630718154383e-01
5.369945153343491651e-01
5.369455184737179643e-01
5.368963702010044470e-01
5.368470680609549461e-01
5.367956146077050850e-01
5.367439889261120811e-01
5.366921880827331126e-01
5.366402092305095906e-01
5.365880496775674580e-01
5.365357069420378933e-01
5.364675285727070753e-01
5.363990341337998569e-01
5.363302205452578075e-01
5.362744487881907496e-01
5.362184673224161813e-01
5.361622760847037927e-01
5.361058754546269567e-01
5.360492662449257706e-01
5.359924496588142073e-01
5.359345849598039502e-01
5.358765101166675926e-01
5.358182271680895781e-01
5.357597383001022617e-01
5.357010457434475681e-01
5.356421516595930576e-01
5.355542080862107923e-01
5.354658290325330361e-01
5.353995780542619709e-01
5.353330886287651635e-01
5.352663611016461598e-01
5.351993946886358655e-01
5.351321889275999499e-01
5.350647429695674084e-01
5.349952489152023372e-01
5.349254964959460068e-01
5.348717045606015130e-01
5.348177562899911752e-01
5.347636499091450446e-01
5.347093835366936165e-01
5.346549552394350702e-01
5.345867257104353065e-01
5.345182367675096469e-01
5.344494849327576791e-01
5.343804670134306711e-01
5.343111801943702943e-01
5.342416221151540245e-01
5.341707502124498630e-01
5.340995956527604394e-01
5.340281576665337759e-01
5.339564360729205372e-01
5.338844312535533376e-01
5.338121441048436777e-01
5.337429039850187795e-01
5.336734094953420326e-01
5.336036623463460415e-01
5.335336643971790860e-01
5.334634175703563130e-01
5.333929237653520783e-01
5.332800938116069034e-01
5.331908239627112245e-01
5.331011742434226264e-01
5.330111459569792931e-01
5.329207393892529954e-01
5.328480162324200631e-01
5.327750487391498257e-01
5.327018355705153141e-01
5.326283749861390193e-01
5.325546648883127121e-01
5.324807028795264241e-01
5.324106968203745627e-01
5.323404618958765822e-01
5.322699956926733034e-01
5.321992957849823735e-01
5.321283597933657017e-01
5.320571854413722601e-01
5.319624123883419653e-01
5.318672119217966454e-01
5.317715804427268766e-01
5.316755152511487559e-01
5.315790146103468450e-01
5.314820777580926414e-01
5.313920714745401508e-01
5.313016932459735386e-01
5.312299358024141771e-01
5.311579472774461408e-01
5.310857286220493911e-01
5.310132808768810442e-01
5.309406051228603429e-01
5.308474051411602446e-01
5.307538366753958847e-01
5.306599015113835360e-01
5.305656010233148479e-01
5.304709360744900293e-01
5.303759069311660967e-01
5.302869486062955495e-01
5.301976723104324662e-01
5.301080767007947392e-01
5.300181599628581708e-01
5.299279198559121440e-01
5.298373537759377694e-01
5.297463726674993545e-01
5.296550589773996176e-01
5.295634095059728041e-01
5.294714210476521021e-01
5.293790904874878800e-01
5.292864148927219903e-01
5.291773084573235808e-01
5.290677203138516305e-01
5.289576475119541765e-01
5.288470879316784501e-01
5.287360403113002816e-01
5.286245042266028982e-01
5.285145762667990965e-01
5.284279867813321818e-01
5.283411090954451828e-01
5.282539440141181819e-01
5.281664924367757141e-01
5.280787552995603873e-01
5.279678006952339686e-01
5.278563958542763501e-01
5.277445420967752376e-01
5.276322402849943360e-01
5.275194907227394037e-01
5.274062930737374311e-01
5.273024637240497636e-01
5.271982580981269262e-01
5.270936744500713811e-01
5.269887106129638177e-01
5.268833640551618958e-01
5.267776319526997764e-01
5.266685507431030366e-01
5.265590555989771993e-01
5.264491430850999354e-01
5.263388098572802098e-01
5.262280527657006157e-01
5.261168689476167781e-01
5.259978894254111470e-01
5.258784197889638801e-01
5.257584581474025187e-01
5.256380032301408711e-01
5.255170543731986221e-01
5.253956114736521021e-01
5.252843407039373691e-01
5.251726592858294573e-01
5.250605679890159028e-01
5.249480676949764835e-01
5.248351593104558788e-01
5.247218436804631514e-01
5.245393735215480024e-01
5.244004824400886333e-01
5.242609931263924050e-01
5.241209047115323871e-01
5.239802154782353671e-01
5.238389228608391068e-01
5.236970235012674557e-01
5.235940514052930261e-01
5.234907583279762022e-01
5.233871424496328029e-01
5.232832018853710299e-01
5.231789347098885212e-01
5.230464072379910068e-01
5.229133489947763724e-01
5.227797564352860693e-01
5.226456263755111520e-01
5.225109560739651382e-01
5.223757432868582073e-01
5.222446913875975483e-01
5.221131312166384930e-01
5.219810621510059256e-01
5.218484839672992148e-01
5.217153967765263411e-01
5.215818009435040370e-01
5.214425347656368448e-01
5.213027213383472080e-01
5.211623612690167162e-01
5.210214549951502905e-01
5.208800026765498803e-01
5.207380041041435037e-01
5.205937681926694482e-01
5.204489711791515649e-01
5.203036113593981771e-01
5.201576865116734893e-01
5.200111939353302404e-01
5.198641305153040015e-01
5.197222740248543804e-01
5.195798840111642836e-01
5.194369571244771278e-01
5.192934900137874399e-01
5.191494794224262854e-01
5.190049222775126037e-01
5.188342152875586866e-01
5.186627445221180244e-01
5.184905067112942634e-01
5.183174993486627802e-01
5.181437206790127092e-01
5.179691696322671346e-01
5.178178316805894799e-01
5.176659174213150694e-01
5.175134269403185439e-01
5.173603603840730703e-01
5.172067178486376982e-01
5.169918384736154060e-01
5.167758415467935684e-01
5.166121101172584940e-01
5.164477397454926288e-01
5.162827285388011944e-01
5.161170741207741219e-01
5.159507736582531479e-01
5.157838239221935739e-01
5.156393556541477574e-01
5.154943996878587065e-01
5.153489535499986562e-01
5.152030147485159306e-01
5.150565808263810608e-01
5.149096494135811941e-01
5.146967066426358928e-01
5.144827168940053763e-01
5.143097846594180123e-01
5.141361691493149255e-01
5.139618685949776111e-01
5.137868816355772861e-01
5.136112072712246679e-01
5.134348447936865067e-01
5.132744108174851494e-01
5.131134109171908708e-01
5.129518448078946857e-01
5.127897121525658575e-01
5.126270125021120672e-01
5.124637452409743776e-01
5.122618806074107356e-01
5.120591516353507622e-01
5.118555556303681087e-01
5.116510892572017077e-01
5.114457485727956776e-01
5.112395291012480358e-01
5.110526357006869302e-01
5.108650185660179588e-01
5.106766738035709574e-01
5.104875975246252473e-01
5.102977859414290496e-01
5.101072354561657640e-01
5.098825276355648528e-01
5.096567915077221400e-01
5.094300229384542966e-01
5.092022185003093337e-01
5.089733754296930091e-01
5.087434915287812887e-01
5.085428258073700913e-01
5.083413713445441573e-01
5.081391271693909140e-01
5.079360922531939160e-01
5.077322654133600288e-01
5.075276452266195282e-01
5.072929304293016806e-01
5.070571749575768505e-01
5.068203749789156332e-01
5.065825259975249573e-01
5.063436229090949592e-01
5.061036601015498348e-01
5.058868421340756427e-01
5.056691569210534087e-01
5.054505999315939135e-01
5.052311667091481384e-01
5.050108529687584724e-01
5.047896546816841301e-01
5.045469758885002820e-01
5.043032325438608909e-01
5.040584208476283079e-01
5.038125375167787912e-01
5.035655797219403818e-01
5.033175449878144470e-01
5.030821003048997486e-01
5.028456895582608110e-01
5.026083108676032696e-01
5.023699621922542713e-01
5.021306412317763090e-01
5.018903453445280327e-01
5.016386278455060577e-01
5.013858421192525228e-01
5.011319837101348984e-01
5.008770476928603443e-01
5.006210287432735218e-01
5.003639212365632583e-01
5.001067095881170932e-01
4.998484061409899093e-01
4.995890051747834959e-01
4.993285011606828916e-01
4.990668888611639598e-01
4.988041634044267925e-01
4.985417474151256356e-01
4.982782218596746304e-01
4.980135831475713259e-01
4.977478280227107255e-01
4.974809534835876734e-01
4.972129566835349346e-01
4.969274795796476130e-01
4.966407333917464140e-01
4.963527144418555248e-01
4.960634186836100357e-01
4.957728416041987107e-01
4.954809781645002076e-01
4.951924585050706540e-01
4.949026815280953007e-01
4.946116410058638002e-01
4.943193303699204844e-01
4.940257428222845637e-01
4.937281274057632174e-01
4.934291971988678527e-01
4.931289453325503058e-01
4.928273652235725666e-01
4.925244506575348624e-01
4.922201958335152283e-01
4.919050579385728650e-01
4.915884838190835993e-01
4.912704683901186753e-01
4.909510068248661430e-01
4.906300944139578846e-01
4.903051680798021783e-01
4.899787580098809991e-01
4.896508588297275866e-01
4.893214647292409847e-01
4.889905693984025192e-01
4.886581659867932914e-01
4.882807384472134249e-01
4.879013645107744268e-01
4.876023897564221721e-01
4.873022038898890962e-01
4.870008008623475382e-01
4.866981746512525908e-01
4.863943193274105070e-01
4.859728709774834288e-01
4.855490552931983617e-01
4.852188280028074119e-01
4.848871634858241686e-01
4.845540560549508879e-01
4.842195002585421015e-01
4.838834908012601965e-01
4.835460224490178427e-01
4.832127049479695846e-01
4.828779661277062818e-01
4.825418006065712029e-01
4.822042027082792393e-01
4.818651664115208288e-01
4.815246853229849799e-01
4.811143754728636202e-01
4.807019648931175615e-01
4.802874406780446304e-01
4.799582368531431498e-01
4.796276970522508898e-01
4.792958145542516313e-01
4.789625827003936021e-01
4.786279949430706226e-01
4.781849916500723885e-01
4.777396084625329387e-01
4.772918318597428322e-01
4.768416488976410794e-01
4.763890470775951069e-01
4.759340141443129668e-01
4.755185805694873147e-01
4.751011217505354822e-01
4.746816280194328108e-01
4.742600892702021342e-01
4.738364948695605872e-01
4.734108336118965088e-01
4.729373458555446996e-01
4.724612956810183562e-01
4.719826658034368960e-01
4.716089328513462520e-01
4.712336229819849009e-01
4.708567277934448403e-01
4.704782389600850045e-01
4.700981482750520302e-01
4.696164848237781020e-01
4.691322449049909471e-01
4.686454131965170911e-01
4.681559747496213397e-01
4.676639148524011080e-01
4.671692188458145822e-01
4.666730713831865884e-01
4.661742706847687434e-01
4.656728011707730319e-01
4.651686465998092768e-01
4.646617899919094907e-01
4.641522136189124015e-01
4.635744121744302948e-01
4.631121809022572533e-01
4.626477149563312796e-01
4.621810001436474913e-01
4.617120222308483402e-01
4.612407670417092431e-01
4.606813510319195393e-01
4.601187174138446356e-01
4.595528437987577153e-01
4.589837081474569813e-01
4.584112886393368336e-01
4.578355634748202951e-01
4.572860656215934627e-01
4.567335510520985631e-01
4.561780000424262571e-01
4.556193922064536994e-01
4.550577064151929974e-01
4.544929207753618527e-01
4.538131801184431269e-01
4.532707135208414728e-01
4.527253891297167154e-01
4.521771863284853588e-01
4.516260843800861680e-01
4.510720625412378282e-01
4.504523455109661900e-01
4.498289618804761081e-01
4.492018836137496307e-01
4.485710828281713747e-01
4.479365316626908178e-01
4.472982020899238798e-01
4.466534357264278499e-01
4.460048020308787220e-01
4.453522708461740698e-01
4.446958110798929220e-01
4.440353906316180654e-01
4.433709763964209793e-01
4.425407550217351771e-01
4.419324778159159361e-01
4.413208515580342994e-01
4.407058497619789628e-01
4.400874457928723449e-01
4.394656129481410711e-01
4.387273942749572164e-01
4.379843199978274426e-01
4.372363461347830715e-01
4.364834284814262944e-01
4.357255223786600240e-01
4.349625824374273031e-01
4.341066275476413994e-01
4.332443012974243057e-01
4.323755355394296451e-01
4.316792297602238260e-01
4.309787612715809679e-01
4.302740927311896058e-01
4.295651860900687735e-01
4.288520027095281684e-01
4.281345034840201014e-01
4.270164412244958352e-01
4.261803895488532334e-01
4.253384678438502653e-01
4.244906150118980537e-01
4.236367692600571111e-01
4.227768678600211660e-01
4.219108468732785666e-01
4.209509254192924099e-01
4.199834281758692001e-01
4.190082628391333386e-01
4.180253342396451077e-01
4.170345444216425612e-01
4.160357928594679566e-01
4.151724741805515873e-01
4.143031530885942226e-01
4.134277625490520025e-01
4.125462346461620244e-01
4.116585006005374914e-01
4.107644907245057153e-01
4.095139332310202551e-01
4.086068997595507235e-01
4.076933780718048350e-01
4.067732931776657512e-01
4.058465682725178603e-01
4.049131245871677720e-01
4.038955308861712501e-01
4.028698723547685656e-01
4.018360409600153504e-01
4.007939259442397928e-01
3.997434139796198216e-01
3.986843892980455051e-01
3.973141590111740618e-01
3.961963842479884201e-01
3.950690447293503382e-01
3.939320002107415952e-01
3.927851071810626871e-01
3.916282184901705987e-01
3.904611829561186465e-01
3.888282191266065890e-01
3.875771068912011175e-01
3.863142082300785041e-01
3.850393235566508809e-01
3.837522471012202452e-01
3.824527669617967529e-01
3.811406651561512482e-01
3.790953414628992491e-01
3.777051177521458802e-01
3.763005314749767183e-01
3.748813092410324677e-01
3.734471688332602346e-01
3.719978184559283862e-01
3.705329559772061465e-01
3.688021688680426236e-01
3.673884153773708250e-01
3.659599650927764514e-01
3.645165240212819846e-01
3.630577880073931341e-01
3.615834424864924346e-01
3.600931621906452995e-01
3.582394332053300823e-01
3.563604824191227149e-01
3.548337175433594060e-01
3.532899059550659304e-01
3.517286700620795847e-01
3.501496177758213757e-01
3.485523415667839409e-01
3.469364175112903959e-01
3.451117131063447530e-01
3.432626264349421530e-01
3.413884888531310557e-01
3.394886004094376797e-01
3.375622281530772928e-01
3.356086042193167085e-01
3.336080200275102770e-01
3.315779760363244955e-01
3.295175587543104356e-01
3.274258068157515633e-01
3.253017070712717063e-01
3.231441903342210931e-01
3.203713962640417079e-01
3.183079964729242928e-01
3.162128748927881539e-01
3.140849676591178086e-01
3.119231507083231603e-01
3.097262352176930467e-01
3.074929625164218860e-01
3.043969643963833627e-01
3.012277345117135297e-01
2.979813625644399666e-01
2.946535840868432232e-01
2.912397336713699603e-01
2.887967939786391103e-01
2.863073032282582031e-01
2.837692224141088460e-01
2.811803629989577114e-01
2.785383715529540782e-01
2.758407122328918604e-01
2.734186953871154402e-01
2.709494488364336262e-01
2.684308155494082304e-01
2.658604747529576540e-01
2.632359243729204823e-01
2.605544609883339024e-01
2.582110097099435952e-01
2.558217065176549565e-01
2.533844203585678967e-01
2.508968562944412506e-01
2.483565377937085872e-01
2.457607865016028792e-01
2.435499183303949655e-01
2.412966026624244198e-01
2.389988849210054056e-01
2.366546626691398703e-01
2.342616699546690162e-01
2.318174594502946939e-01
2.297240418036731180e-01
2.275909753063463103e-01
2.254164485080376035e-01
2.231985148407729658e-01
2.209350785281515850e-01
2.186238785412786823e-01
2.166420722741190241e-01
2.146232189512232158e-01
2.125656432761156012e-01
2.104675469065044879e-01
2.083269958362637952e-01
2.061419060564640415e-01
2.042688988636396363e-01
2.023613921609843103e-01
2.004178478530346807e-01
1.984366169618062004e-01
1.964159284747520329e-01
1.943538766965411391e-01
1.925886895519536290e-01
1.907915771226415536e-01
1.889611432720533779e-01
1.870958934749129554e-01
1.851942251380351845e-01
1.832544166442659495e-01
1.814312754186795940e-01
1.795726065474748667e-01
1.776767350812314961e-01
1.757418586869839983e-01
1.737660340615131416e-01
1.717471614202862873e-01
1.701935317529637559e-01
1.686130384751998168e-01
1.670045627273937239e-01
1.653669107141071404e-01
1.636988066248136198e-01
1.619988846110115288e-01
1.605872718950722700e-01
1.591526542110002773e-01
1.576941300113260946e-01
1.562107407695070282e-01
1.547014658724814029e-01
1.531652168769220834e-01
1.518721520979285922e-01
1.505591027289262529e-01
1.492253257567876523e-01
1.478700333611100426e-01
1.464923890481051316e-01
1.450915033115979247e-01
1.439178207535166676e-01
1.427271180907306869e-01
1.415187999397041207e-01
1.402922368369841077e-01
1.390467624127661450e-01
1.377816702227879775e-01
1.367263635832786650e-01
1.356568502598484716e-01
1.345726662443552657e-01
1.334733224246021921e-01
1.323583025853385942e-01
1.312270611692797351e-01
1.302864702463533142e-01
1.293342372435140608e-01
1.283700093081017735e-01
1.273934155883792996e-01
1.264040658567445741e-01
1.254015489672732353e-01
1.245701421476497206e-01
1.237293570871268455e-01
1.228789313310739151e-01
1.220185898174480088e-01
1.211480439487533367e-01
1.202669905506044690e-01
1.195378527317733086e-01
1.188012798858470997e-01
1.180570806492152180e-01
1.173050550031717321e-01
1.165449936590929325e-01
1.157766773660342530e-01
1.151419456507237205e-01
1.145014060601262651e-01
1.138549215432949624e-01
1.132023492092200656e-01
1.125435399250436785e-01
1.118783378608231849e-01
1.113296019734685283e-01
1.107763909494530186e-01
1.102186082032100001e-01
1.096561532666187055e-01
1.090889215292037973e-01
1.085168039409927232e-01
1.080454539657549895e-01
1.075706990630915794e-01
1.070924721419627690e-01
1.066107035629469402e-01
1.061253209715832813e-01
1.056362491051018870e-01
1.052337641162657267e-01
1.048287184271886052e-01
1.044210660347077435e-01
1.040107592814155657e-01
1.035977487493512372e-01
1.031819831342650207e-01
1.028401589735546962e-01
1.024964294661608322e-01
1.021507634324190783e-01
1.018031286292094273e-01
1.014534916823798816e-01
1.011018180046070469e-01
1.008129353933313599e-01
1.005226488509130545e-01
1.002309374626925154e-01
9.993777963626326866e-02
9.964315305856952243e-02
9.934703464180033583e-02
9.910397185052127744e-02
9.885988378046695058e-02
9.861475653182144585e-02
9.836857577629160021e-02
9.812132672984280601e-02
9.787299411659738935e-02
9.766929094627035957e-02
9.746484509044328615e-02
9.725964738732845172e-02
9.705368840636136030e-02
9.684695843080726174e-02
9.663944743324809350e-02
9.646932893443249668e-02
9.629867642327327726e-02
9.612748390529168852e-02
9.595574521877481278e-02
9.578345402359994543e-02
9.561060378421892825e-02
9.546897267581405666e-02
9.532696017529634913e-02
9.518456238624622978e-02
9.504177530913981986e-02
9.489859483408197294e-02
9.475501672868785752e-02
9.463742312823325564e-02
9.451955880082224537e-02
9.440142122863431906e-02
9.428300783098914062e-02
9.416431595953955735e-02
9.404534288939120357e-02
9.394793896639941355e-02
9.385034393861807489e-02
9.375255618762268206e-02
9.365457405722688033e-02
9.355639585022301752e-02
9.345801982168305821e-02
9.337750569704184045e-02
9.329685735475223840e-02
9.321607375943818941e-02
9.313515385350656928e-02
9.305409655486773790e-02
9.297290075173614277e-02
9.290646659227125292e-02
9.283993860286249289e-02
9.277331612396805260e-02
9.270659848338347331e-02
9.263978499458330740e-02
9.257287495258215149e-02
9.251814287919768454e-02
9.246334548637574757e-02
9.240848235561088808e-02
9.235355306155018651e-02
9.229855717073398580e-02
9.224349423822353344e-02
9.219846255949692981e-02
9.215338558382135670e-02
9.210826304657127039e-02
9.206309467976842020e-02
9.201788021107748516e-02
9.197261936101103208e-02
9.193561071126193918e-02
9.189857076039337214e-02
9.186149934161030872e-02
9.182439628682637078e-02
9.178726142582732672e-02
9.175009458391991668e-02
9.171970885843599985e-02
9.168930157350363430e-02
9.165887262428840110e-02
9.162842190584674640e-02
9.159794931240405891e-02
9.156745473535143898e-02
9.154252715699207066e-02
9.151758477359034361e-02
9.149262751941628080e-02
9.146765532928086140e-02
9.144266813789053705e-02
9.141766587812777400e-02
9.139723020412737764e-02
9.137678439173052558e-02
9.135632839980672992e-02
9.133586218809841561e-02
9.131538571662473069e-02
9.129489894420000917e-02
9.127815557044205441e-02
9.126140527205017783e-02
9.124464802332327151e-02
9.122788379957408322e-02
9.121111257657316118e-02
9.119433432926082883e-02
9.118062292000539415e-02
9.116690679272532183e-02
9.115318593137033965e-02
9.113946032093755978e-02
9.112572994694334572e-02
9.111199479430220904e-02
9.110077098022856257e-02
9.108954395903096080e-02
9.107831372068164733e-02
9.106708025617349378e-02
9.105584355701490384e-02
9.104460361424926429e-02
9.103541929096770069e-02
9.102623279243704513e-02
9.101704411238087378e-02
9.100785324548749111e-02
9.099866018692015501e-02
9.098946493145942949e-02
9.098195169534978310e-02
9.097443698701196402e-02
9.096692080250351475e-02
9.095940313877765027e-02
9.095188399320547346e-02
9.094436336282435418e-02
9.093821866114815133e-02
9.093207296512295645e-02
9.092592627225926094e-02
9.091977858088912123e-02
9.091362988970091985e-02
9.090748019707850514e-02
9.090245577636318908e-02
9.089743068543099103e-02
9.089240492269756722e-02
9.088737848732986180e-02
9.088235137878880598e-02
9.087732359624739464e-02
9.087321590808977723e-02
9.086910776910200882e-02
9.086499917826762474e-02
9.086089013525516789e-02
9.085678063996810438e-02
9.085267069203145640e-02
9.084931294568621141e-02
9.084595489669722301e-02
9.084259654440712817e-02
9.083923788878328631e-02
9.083587892997357915e-02
9.083251966785366172e-02
9.082977526742797014e-02
9.082703066425062977e-02
9.082428585789381614e-02
9.082154084850119213e-02
9.081879563634825958e-02
9.081605022144201289e-02
9.081380734914157316e-02
9.081156434128806465e-02
9.080932119760537491e-02
9.080707791834058407e-02
9.080483450382947908e-02
9.080259095414094928e-02
9.080075810288229521e-02
9.079892516118320822e-02
9.079709212886916125e-02
9.079525900624829671e-02
9.079342579367799537e-02
9.079159249125068332e-02
9.079009480413713362e-02
9.078859705680264458e-02
9.078709924914540874e-02
9.078560138150892911e-02
9.078410345425214079e-02
9.078260546746980131e-02
9.078138172003918926e-02
9.078015793258598087e-02
9.077893410506110428e-02
9.077771023782926774e-02
9.077648633124113520e-02
9.077526238538297099e-02
9.077426251741271823e-02
9.077326262288842873e-02
9.077226270180105416e-02
9.077126275452779280e-02
9.077026278140643001e-02
9.076926278251129521e-02
9.076844586931054337e-02
9.076762893851214598e-02
9.076681199013936219e-02
9.076599502457821655e-02
9.076517804215245011e-02
9.076436104292279206e-02
9.076369362642588978e-02
9.076302619826892570e-02
9.076235875850308110e-02
9.076169130752093084e-02
9.076102384563278225e-02
9.076035637288581981e-02
9.075981110614789182e-02
9.075926583167431838e-02
9.075872054953948442e-02
9.075817526014146042e-02
9.075762996377800818e-02
9.075708466048476586e-02
9.075663919811732816e-02
9.075619373059767847e-02
9.075574825802112944e-02
9.075530278078974833e-02
9.075485729919119393e-02
9.075441181325055728e-02
9.075404789296187547e-02
9.075368396921440484e-02
9.075332004212111059e-02
9.075295611208900048e-02
9.075259217939685152e-02
9.075222824406042887e-02
9.075193094337596911e-02
9.075163364033789204e-02
9.075133633507459496e-02
9.075103902799658284e-02
9.075074171937497214e-02
9.075044440921875566e-02
9.075020153825280600e-02
9.074995866564788960e-02
9.074971579154716972e-02
9.074947291636537017e-02
9.074923004036777874e-02
9.074898716355661588e-02
9.074878875591463334e-02
9.074859034709381600e-02
9.074839193724970610e-02
9.074819352680113527e-02
9.074799511600789570e-02
9.074779670486748939e-02
9.074763462307861017e-02
9.074747254040377298e-02
9.074731045700967780e-02
9.074714837331865347e-02
9.074698628958643987e-02
9.074682420580665321e-02
9.074669180015787484e-02
9.074655939380643632e-02
9.074642698692947373e-02
9.074629457995314619e-02
9.074616217312991839e-02
9.074602976644974284e-02
9.074592160189304257e-02
9.074581343674748002e-02
9.074570527119946162e-02
9.074559710567775550e-02
9.074548894043216185e-02
9.074538077545007964e-02
9.074529241652967704e-02
9.074520405708841331e-02
9.074511569732096605e-02
9.074502733765948959e-02
9.074493897835145262e-02
9.074485061938192265e-02
9.074477843865053073e-02
9.074470625743918939e-02
9.074463407594884901e-02
9.074456189461371780e-02
9.074448971368009875e-02
9.074441753313150505e-02
9.074435857089457880e-02
9.074429960819874186e-02
9.074424064525155043e-02
9.074418168249082095e-02
9.074412272016119108e-02
9.074406375824412008e-02
9.074401559100825354e-02
9.074396742332413446e-02
9.074391925540531423e-02
9.074387108769227384e-02
9.074382292042809661e-02
9.074377475359263201e-02
9.074373540533697824e-02
9.074369605663795690e-02
9.074365670771361581e-02
9.074361735900587922e-02
9.074357801075744190e-02
9.074353866294782023e-02
9.074350652092705305e-02
9.074347437846197462e-02
9.074344223577601731e-02
9.074341009331415853e-02
9.074337795131781625e-02
9.074334580976478604e-02
9.074331955222270096e-02
9.074329329423624912e-02
9.074326703603130539e-02
9.074324077805367983e-02
9.074321452054495696e-02
9.074318826348309885e-02
9.074316681528354911e-02
9.074314536663574682e-02
9.074312391776967468e-02
9.074310246913364075e-02
9.074308102096856343e-02
9.074305957325118355e-02
9.074304205220107278e-02
9.074302453069932328e-02
9.074300700897947047e-02
9.074298948749154325e-02
9.074297196647551633e-02
9.074295444590757542e-02
9.074294013260392200e-02
9.074292581884407793e-02
9.074291150486579749e-02
9.074289719112182961e-02
9.074288287785070573e-02
9.074286856502644660e-02
9.074285687154237667e-02
9.074284517760133895e-02
9.074283348344164279e-02
9.074282178951531552e-02
9.074281009606216530e-02
9.074279840305787825e-02
9.074278885220976587e-02
9.074277930089924560e-02
9.074276974936862361e-02
9.074276019807270277e-02
9.074275064725051410e-02
9.074274109687630041e-02
9.074273329470561311e-02
9.074272549207368366e-02
9.074271768922165249e-02
9.074270988660199100e-02
9.074270208445600616e-02
9.074269428276060534e-02
9.074268791082462648e-02
9.074268153842579565e-02
9.074267516580430959e-02
9.074266879341369441e-02
9.074266242149692241e-02
9.074265605003223323e-02
9.074265084582350260e-02
9.074264564114936649e-02
9.074264043625218656e-02
9.074263523158632161e-02
9.074263002739441086e-02
9.074262482365325067e-02
9.074262057230020329e-02
9.074261632047558868e-02
9.074261206842898497e-02
9.074260781662013553e-02
9.074260356528546234e-02
9.074259931439609961e-02
9.074259583984445321e-02
9.074259236483145363e-02
9.074258888959796376e-02
9.074258541459345739e-02
9.074258194006284972e-02
9.074257846598826616e-02
9.074257562973497837e-02
9.074257279299913215e-02
9.074256995603785514e-02
9.074256711932016106e-02
9.074256428307925226e-02
9.074256144727932405e-02
9.074255912804496393e-02
9.074255680833509530e-02
9.074255448840878868e-02
9.074255216873039487e-02
9.074254984952756509e-02
9.074254753076566038e-02
9.074254563585198996e-02
9.074254374046530902e-02
9.074254184485863739e-02
9.074253994949266211e-02
9.074253805460436029e-02
9.074253616016769719e-02
9.074253461360398676e-02
9.074253306655982731e-02
9.074253151929040362e-02
9.074252997226178730e-02
9.074252842571278732e-02
9.074252687961392727e-02
9.074252561668494366e-02
9.074252435327073707e-02
9.074252308963443037e-02
9.074252182624664709e-02
9.074252056333809158e-02
9.074251930087157136e-02
9.074251826885293415e-02
9.074251723634563227e-02
9.074251620362083770e-02
9.074251517115483612e-02
9.074251413916861742e-02
9.074251310761782818e-02
9.074251226424068228e-02
9.074251142038664009e-02
9.074251057631577133e-02
9.074250973249192720e-02
9.074250888914875413e-02
9.074250804625699773e-02
9.074250735834765713e-02
9.074250666993993741e-02
9.074250598130756407e-02
9.074250529293415024e-02
9.074250460504512672e-02
9.074250391759419720e-02
9.074250335553918356e-02
9.074250279298246014e-02
9.074250223021135264e-02
9.074250166771619108e-02
9.074250110570458716e-02
9.074250054411764355e-02
9.074250008472534157e-02
9.074249962484959298e-02
9.074249916476179179e-02
9.074249870493428238e-02
9.074249824559099675e-02
9.074249778669435385e-02
9.074249741226636523e-02
9.074249703738190842e-02
9.074249666226708033e-02
9.074249628735836515e-02
9.074249591293342965e-02
9.074249553900426424e-02
9.074249523475746981e-02
9.074249492999569844e-02
9.074249462498873431e-02
9.074249432022885031e-02
9.074249401595468889e-02
9.074249371211862147e-02
9.074249346296558993e-02
9.074249321335497998e-02
9.074249296353348315e-02
9.074249271394474459e-02
9.074249246482890552e-02
9.074249221617064487e-02
9.074249201300738088e-02
9.074249180933308123e-02
9.074249160543479409e-02
9.074249140181089857e-02
9.074249119867056068e-02
9.074249099594877688e-02
9.074249082967444924e-02
9.074249066283551768e-02
9.074249049580396242e-02
9.074249032914560864e-02
9.074249016297697423e-02
9.074248999714606967e-02
9.074248986047928067e-02
9.074248972347975783e-02
9.074248958629455020e-02
9.074248944924578897e-02
9.074248931267342444e-02
9.074248917670457715e-02
9.074248906750970178e-02
9.074248895767589307e-02
9.074248884753460809e-02
9.074248873768819834e-02
9.074248862835898599e-02
9.074248851942290361e-02
9.074248842931065262e-02
9.074248833880332876e-02
9.074248824811803615e-02
9.074248815763691356e-02
9.074248806761708863e-02
9.074248797809369993e-02
9.074248790516120655e-02
9.074248783192051526e-02
9.074248775839921510e-02
9.074248768486048444e-02
9.074248761179015688e-02
9.074248753941244194e-02
9.074248748112950791e-02
9.074248742215318408e-02
9.074248736286927297e-02
9.074248730393619233e-02
9.074248724549632827e-02
9.074248718733218810e-02
9.074248713821297940e-02
9.074248708787896467e-02
9.074248703736342847e-02
9.074248698790499112e-02
9.074248693932962517e-02
9.074248689092634379e-02
9.074248685040481321e-02
9.074248680957047730e-02
9.074248676865942498e-02
9.074248672795909298e-02
9.074248668774459459e-02
9.074248664815837140e-02
9.074248661671802108e-02
9.074248658434841408e-02
9.074248655164540711e-02
9.074248651951061229e-02
9.074248648795946171e-02
9.074248645658533619e-02
9.074248643004834136e-02
9.074248640310905722e-02
9.074248637612297719e-02
9.074248634951959103e-02
9.074248632340620180e-02
9.074248629774350761e-02
9.074248627680087109e-02
9.074248625573339000e-02
9.074248623417069393e-02
9.074248621227160028e-02
9.074248619098895796e-02
9.074248617086305702e-02
9.074248615483559988e-02
9.074248613850299794e-02
9.074248612163371419e-02
9.074248610505075696e-02
9.074248608908297431e-02
9.074248607356294460e-02
9.074248606109114323e-02
9.074248604718965217e-02
9.074248603310730577e-02
9.074248602022244592e-02
9.074248600780360219e-02
9.074248599469980636e-02
9.074248597981909858e-02
9.074248597087936075e-02
9.074248596097389541e-02
9.074248595047679222e-02
9.074248594055833728e-02
9.074248593113837247e-02
9.074248592150124804e-02
9.074248591893463445e-02
9.074248591713057754e-02
9.074248591527339647e-02
9.074248591343186954e-02
9.074248591173900147e-02
9.074248591005906750e-02
9.074248590826472505e-02
9.074248590484607080e-02
9.074248590139294413e-02
9.074248589879480020e-02
9.074248589570388379e-02
9.074248589230587969e-02
9.074248588744954214e-02
9.074248588513811331e-02
9.074248588439981500e-02
9.074248588313499342e-02
9.074248588070776833e-02
9.074248587545019618e-02
9.074248587125821608e-02
9.074248586720573551e-02
9.074248586332078759e-02
9.074248585958327729e-02
9.074248585556743407e-02
9.074248585142741241e-02
9.074248584694788455e-02
9.074248584238747695e-02
9.074248583825944570e-02
9.074248583350125186e-02
9.074248582905358740e-02
9.074248582459248924e-02
9.074248581989002860e-02
9.074248581513477685e-02
9.074248581220967225e-02
9.074248581015209592e-02
9.074248580694826982e-02
9.074248580221333516e-02
9.074248579809657267e-02
9.074248579575439067e-02
9.074248579351101851e-02
9.074248579039562168e-02
9.074248578657240216e-02
9.074248578263260923e-02
9.074248577904936441e-02
9.074248577579968611e-02
9.074248577257904014e-02
9.074248576930787902e-02
9.074248576597676585e-02
9.074248576263466148e-02
9.074248575936139094e-02
9.074248575559656915e-02
9.074248575296595121e-02
9.074248575022447749e-02
9.074248574668603018e-02
9.074248574319876415e-02
9.074248574045440385e-02
9.074248573632570647e-02
9.074248573217974512e-02
9.074248572928284018e-02
9.074248572743598418e-02
9.074248572551901759e-02
9.074248572442944472e-02
9.074248572351273356e-02
9.074248572138787772e-02
9.074248571923404505e-02
9.074248571814980124e-02
9.074248571720250345e-02
9.074248571620074921e-02
9.074248571550558307e-02
9.074248571487963932e-02
9.074248571384752049e-02
9.074248571264514895e-02
9.074248571137999431e-02
9.074248571011250819e-02
9.074248570792636803e-02
9.074248570651954893e-02
9.074248570516862955e-02
9.074248570374615630e-02
9.074248570387005719e-02
9.074248570414916726e-02
9.074248570311976847e-02
9.074248570268128589e-02
9.074248570268211855e-02
9.074248570237875011e-02
9.074248570147852577e-02
9.074248570089321619e-02
9.074248570113702117e-02
9.074248570127552149e-02
9.074248570206366882e-02
9.074248570227833044e-02
9.074248570288090399e-02
9.074248570369386480e-02
9.074248570392207114e-02
9.074248570373155687e-02
9.074248570354465082e-02
9.074248570354431775e-02
9.074248570358389721e-02
9.074248570354892518e-02
