-3.558220475821151287e-56
-8.974983612764032510e-23
-2.832610423912380898e-22
-1.135530410937223570e-20
-3.282868467222511990e-20
-1.593400354172356090e-19
-3.832041612374347467e-19
-7.067348702774257221e-19
-2.121633059268972949e-18
-4.302340375634663202e-18
-7.249238434089502322e-18
-5.008424526178775464e-17
-1.313858981940538515e-16
-2.511429458557002385e-16
-7.070823916877753096e-16
-1.393680887678958654e-15
-2.310768769036734276e-15
-3.458177844141136872e-15
-9.565076001672095157e-15
-1.870390657453764831e-14
-3.086687453476484427e-14
-4.604631622668123599e-14
-1.269182490369225621e-13
-2.475156141591797957e-13
-4.075062181296219982e-13
-6.065774563165994212e-13
-8.444354355443591144e-13
-1.147537397717279271e-12
-1.496054590513836494e-12
-1.889675794223435568e-12
-2.328111659722695062e-12
-2.811093688569841395e-12
-3.338373242056400703e-12
-4.240831929038524473e-12
-5.247996030339111158e-12
-6.359195070482067317e-12
-7.573848100721454367e-12
-8.891457638709269807e-12
-1.031160403928335305e-11
-1.169800445182880968e-11
-1.316943822927603370e-11
-1.472573507318951954e-11
-1.636676653518351196e-11
-1.809244359318385490e-11
-1.990271440109797587e-11
-2.189363139328095474e-11
-2.397773288935056732e-11
-2.615507653984702329e-11
-2.842575568640914928e-11
-3.078989734273231842e-11
-3.324766030852061774e-11
-3.602896864050021329e-11
-3.892166088067318882e-11
-4.192605596675094748e-11
-4.504250813590014003e-11
-4.827140489903112440e-11
-5.161316514814969705e-11
-5.533256666341405645e-11
-5.918355098770297545e-11
-6.316674675149519778e-11
-6.728281572399639911e-11
-7.153245090689745878e-11
-7.591637475395498707e-11
-8.076270889616016041e-11
-8.576498062716954440e-11
-9.092417827095719053e-11
-9.624132080411282780e-11
-1.017174560949427603e-10
-1.073536592586040552e-10
-1.135784750196050356e-10
-1.199901152253931323e-10
-1.265899997043627273e-10
-1.333795767881242427e-10
-1.403603216741042147e-10
-1.475337348956559973e-10
-1.554484053584006546e-10
-1.635886573309335284e-10
-1.719564322495403076e-10
-1.805536981065367157e-10
-1.893824479236581966e-10
-1.984446983252649682e-10
-2.084313230035586786e-10
-2.186917214280280730e-10
-2.292284661351959756e-10
-2.400441543821348889e-10
-2.511414067241584940e-10
-2.625228656848919323e-10
-2.739977658380887527e-10
-2.857527690667733385e-10
-2.977904457075152157e-10
-3.101133824939964783e-10
-3.227241816846015595e-10
-3.356254602448961245e-10
-3.496775514102769466e-10
-3.640648096759540165e-10
-3.787904387154790204e-10
-3.938576573837452764e-10
-4.092696989112240167e-10
-4.250298101469619337e-10
-4.458693477578762657e-10
-4.672999758167136982e-10
-4.893287430838167734e-10
-5.119627279075171039e-10
-5.352090363600491203e-10
-5.590748004936297434e-10
-5.855770737979773814e-10
-6.128205610753387998e-10
-6.408143597916705995e-10
-6.695675946708543222e-10
-6.990894159655139471e-10
-7.293889978352195258e-10
-7.596315590049741148e-10
-7.906279318416101731e-10
-8.223866295363969802e-10
-8.549161819548268517e-10
-8.882251346570257745e-10
-9.223220479826866125e-10
-9.633949686583268311e-10
-1.005581031693144615e-09
-1.048894183503475190e-09
-1.093348392358018561e-09
-1.138957646991392779e-09
-1.185735955303222239e-09
-1.233299734844836871e-09
-1.282040996658423341e-09
-1.331973456412954651e-09
-1.383110844116596060e-09
-1.435466903252335462e-09
-1.489055389964308567e-09
-1.547482047936933950e-09
-1.607338051887391396e-09
-1.668640047051680509e-09
-1.731404691327664012e-09
-1.795648654504099436e-09
-1.861388617534175395e-09
-1.934038117846417877e-09
-2.008470659239164894e-09
-2.084707251256562503e-09
-2.162768915137253865e-09
-2.242676683082443110e-09
-2.324451597559270287e-09
-2.414364525688934040e-09
-2.506480715648547437e-09
-2.600826255572690606e-09
-2.697427243996009005e-09
-2.796309789173439700e-09
-2.897500008426752743e-09
-3.008591197522763037e-09
-3.122397648786643467e-09
-3.238951586320685041e-09
-3.358285243186986986e-09
-3.480430860780479908e-09
-3.605420688221279736e-09
-3.742705474861635843e-09
-3.883340457273462913e-09
-4.027365475321027685e-09
-4.174820376279829952e-09
-4.325745014259335553e-09
-4.480179249635862170e-09
-4.635545733015984459e-09
-4.794384267429929507e-09
-4.956732800805090928e-09
-5.122629285152697686e-09
-5.292111676193111207e-09
-5.465217932998332805e-09
-5.653457326222864125e-09
-5.845889434033244683e-09
-6.042560013607764072e-09
-6.243514824851612038e-09
-6.448799630064786138e-09
-6.658460193623007655e-09
-6.935292833683604775e-09
-7.219572663196088967e-09
-7.511397758924146027e-09
-7.810866199763040840e-09
-8.118076066178440687e-09
-8.433125439565096319e-09
-8.782561377722832428e-09
-9.141393379025064012e-09
-9.509745271859562387e-09
-9.887740882075400511e-09
-1.027550403247954740e-08
-1.067315854213662168e-08
-1.106971236426254027e-08
-1.147586303804119827e-08
-1.189172462780874490e-08
-1.231741119241055412e-08
-1.275303678474231637e-08
-1.319871545128115790e-08
-1.373519830534611851e-08
-1.428589312836170082e-08
-1.485098469833781715e-08
-1.543065777825378676e-08
-1.602509711571777076e-08
-1.663448744250378419e-08
-1.725374929056323043e-08
-1.788807590871562870e-08
-1.853764740184354113e-08
-1.920264385750759688e-08
-1.988324534561391589e-08
-2.057963191799278283e-08
-2.133852685836034977e-08
-2.211573209802497057e-08
-2.291146479139911669e-08
-2.372594206800834304e-08
-2.455938103223385281e-08
-2.541199876298768682e-08
-2.635383788418874886e-08
-2.731853603447573216e-08
-2.830636589766808321e-08
-2.931760012130849497e-08
-3.035251131652148875e-08
-3.141137205771165213e-08
-3.257516399477700777e-08
-3.376721335602911590e-08
-3.498785731924231005e-08
-3.623743301161146303e-08
-3.751627750967016887e-08
-3.882472783897079592e-08
-4.026069208453267061e-08
-4.173148322049940180e-08
-4.323751627438210670e-08
-4.477920620455529989e-08
-4.635696790021616296e-08
-4.797121618105827798e-08
-4.974365001235003770e-08
-5.155904766673484793e-08
-5.341792072706849474e-08
-5.532078068237462486e-08
-5.726813892786511414e-08
-5.926050676459505381e-08
-6.126424312593567398e-08
-6.331248986976226091e-08
-6.540573302243116068e-08
-6.754445852104561364e-08
-6.972915221317709381e-08
-7.196029985651768125e-08
-7.438574466679132373e-08
-7.686491234336494087e-08
-7.939838763307938130e-08
-8.198675516650048843e-08
-8.463059945781941522e-08
-8.733050490466238594e-08
-9.089427116719129077e-08
-9.455340278656158644e-08
-9.830915043516694716e-08
-1.021627644586698139e-07
-1.061154948783891139e-07
-1.101685913919875886e-07
-1.146623776178616742e-07
-1.192763821525579376e-07
-1.240121803176830455e-07
-1.288713469862434747e-07
-1.338554565849161562e-07
-1.389660830931628627e-07
-1.440605722884003897e-07
-1.492777254907183505e-07
-1.546189904528648217e-07
-1.600858145232354211e-07
-1.656796446447478121e-07
-1.714019273532457353e-07
-1.782875020309171871e-07
-1.853545432734108974e-07
-1.926053913016638611e-07
-2.000423855564459920e-07
-2.076678647005076692e-07
-2.154841666186755835e-07
-2.234238511751023218e-07
-2.315556609440411920e-07
-2.398818716737969869e-07
-2.484047583542991933e-07
-2.571265952165881346e-07
-2.660496557308782034e-07
-2.757696963142509136e-07
-2.857229655138925621e-07
-2.959122009917164918e-07
-3.063401394268959797e-07
-3.170095165155422051e-07
-3.279230669692768403e-07
-3.399737320401977796e-07
-3.523151898742872772e-07
-3.649508702331403941e-07
-3.778842015345567080e-07
-3.911186108530269342e-07
-4.046575239179511907e-07
-4.195317760924515110e-07
-4.347649964251745152e-07
-4.503614155220730602e-07
-4.663252621894092056e-07
-4.826607634340681984e-07
-4.993721444606544208e-07
-5.177041389911951085e-07
-5.364779098231614235e-07
-5.556986510699863187e-07
-5.753715544480116826e-07
-5.955018092761391495e-07
-6.160946024716868380e-07
-6.386954550598285299e-07
-6.618404682308135196e-07
-6.855360274771588290e-07
-7.097885150904942653e-07
-7.346043101604387251e-07
-7.599897885687127867e-07
-7.855091830861331907e-07
-8.115914421609644965e-07
-8.382426157471011419e-07
-8.654687507790343586e-07
-8.932758911661686863e-07
-9.216700777861727649e-07
-9.525248300804788832e-07
-9.840579280021282628e-07
-1.016276631128932338e-06
-1.049188195129978798e-06
-1.082799871760597143e-06
-1.117118908856100696e-06
-1.162401162847924515e-06
-1.208885710970062600e-06
-1.256588036516907759e-06
-1.305523611856675811e-06
-1.355707898445716631e-06
-1.407156346821351215e-06
-1.464175786825776165e-06
-1.522708105946199028e-06
-1.582772741670404576e-06
-1.644389116428268533e-06
-1.707576637595178737e-06
-1.772354697455925069e-06
-1.836907178214132824e-06
-1.903000618621368705e-06
-1.970652823051171488e-06
-2.039881582230005068e-06
-2.110704673202003254e-06
-2.183139859287253613e-06
-2.270280588116231542e-06
-2.359697457278543423e-06
-2.451419156741674304e-06
-2.545474350109575510e-06
-2.641891674598475085e-06
-2.740699740986134584e-06
-2.841062048153405894e-06
-2.943830831413870265e-06
-3.049033905284370570e-06
-3.156699058437893549e-06
-3.266854053646972757e-06
-3.379526627709143317e-06
-3.502275928478054639e-06
-3.627943403458719616e-06
-3.756562422086658261e-06
-3.888166320080652048e-06
-4.022788399369871125e-06
-4.160461928007059363e-06
-4.312531001398802503e-06
-4.468235874088936086e-06
-4.627618251928102249e-06
-4.790719794260741465e-06
-4.957582113830546717e-06
-5.128246776657285434e-06
-5.315868581905682840e-06
-5.507977739673699793e-06
-5.704625599148482109e-06
-5.905863446550001606e-06
-6.111742504991867419e-06
-6.322313934301256958e-06
-6.553557656765937962e-06
-6.790326835934404459e-06
-7.032684447760719057e-06
-7.280693383240368308e-06
-7.534416448203960211e-06
-7.793916363062123296e-06
-8.079189896297483329e-06
-8.371279715627423569e-06
-8.670263242110127079e-06
-8.976217781597985510e-06
-9.289220524437703696e-06
-9.609348545108091429e-06
-9.931934590987476143e-06
-1.026159141992455979e-05
-1.059839250597190366e-05
-1.094241121245623487e-05
-1.129372079164181857e-05
-1.165239438438001835e-05
-1.204335130034767454e-05
-1.244286592193260981e-05
-1.285102670906725238e-05
-1.326792197543584699e-05
-1.369363988804921549e-05
-1.412826846680170786e-05
-1.470406239193711661e-05
-1.529511464734907390e-05
-1.590161485740458988e-05
-1.652375222778774033e-05
-1.716171554442519868e-05
-1.781569317211305323e-05
-1.854521202388579318e-05
-1.929412954720679228e-05
-2.006268621634449187e-05
-2.085112190674417412e-05
-2.165967589318784398e-05
-2.248858684737665476e-05
-2.332227301104311559e-05
-2.417602780793499820e-05
-2.505007526453076878e-05
-2.594463883838263635e-05
-2.685994141591199709e-05
-2.779620531007109818e-05
-2.883043400200292525e-05
-2.988961388019014835e-05
-3.097402213898222182e-05
-3.208393518264438828e-05
-3.321962862240437632e-05
-3.438137727340206880e-05
-3.568670794188506974e-05
-3.702411325144058422e-05
-3.839395315043606360e-05
-3.979658641323904965e-05
-4.123237063586389952e-05
-4.270166223124044946e-05
-4.434578956953583433e-05
-4.603080563999305681e-05
-4.775717047704009459e-05
-4.952534239977920185e-05
-5.133577800533552541e-05
-5.318893216157538612e-05
-5.527009142840936281e-05
-5.740372828643635169e-05
-5.959043477853376302e-05
-6.183080040542373907e-05
-6.412541211535583872e-05
-6.647485429290323790e-05
-6.913143358292059715e-05
-7.185624853829440791e-05
-7.465007313401682601e-05
-7.751367747530274661e-05
-8.044782778127584119e-05
-8.345328636732350603e-05
-8.687582411472907946e-05
-9.038829368228907504e-05
-9.399172238693587536e-05
-9.768713149123418957e-05
-1.014755361771035028e-04
-1.053579455171515676e-04
-1.098133515277155062e-04
-1.143890273880764449e-04
-1.190863579293904633e-04
-1.239067182276264232e-04
-1.288514735596891874e-04
-1.339219793556085535e-04
-1.392938804624517220e-04
-1.448029065265507391e-04
-1.504505186828366690e-04
-1.562381666291629185e-04
-1.621672885742377014e-04
-1.682393111832195323e-04
-1.752262726040265163e-04
-1.823970109768207660e-04
-1.897534908998605265e-04
-1.972976583012559600e-04
-2.050314403546278663e-04
-2.129567453912333680e-04
-2.222310285860759778e-04
-2.317596240878302440e-04
-2.415452715978455513e-04
-2.515906783154762657e-04
-2.618985187925344229e-04
-2.724714347781742249e-04
-2.860363937960159076e-04
-3.000229088853979278e-04
-3.144358913669132848e-04
-3.292801714314405408e-04
-3.445604977795247337e-04
-3.602815372182915552e-04
-3.811049874844806896e-04
-4.026709522987798094e-04
-4.249886884185461854e-04
-4.480672254696260065e-04
-4.719153650467132867e-04
-4.965416795844442488e-04
-5.241241512241090255e-04
-5.526410635941783004e-04
-5.821024108896926362e-04
-6.125178640594630079e-04
-6.438967695968575173e-04
-6.762481480275216172e-04
-7.158213125437433303e-04
-7.361280286482158085e-04
-7.567837384137071546e-04
-7.777900695451726723e-04
-7.991486090710242605e-04
-8.208609031308240029e-04
-8.429284568912858225e-04
-8.946836411552446314e-04
-9.483172142291084730e-04
-1.003844710333969860e-03
-1.061280537613002025e-03
-1.120637973516484072e-03
-1.151041134221318088e-03
-1.181929163717795363e-03
-1.213303404189622955e-03
-1.245165126871643733e-03
-1.277515531831662594e-03
-1.310355748095410298e-03
-1.331572087398067566e-03
-1.352988640970518262e-03
-1.374605657049321299e-03
-1.396423372069049767e-03
-1.418442010679108866e-03
-1.510943986602136845e-03
-1.534600648738785895e-03
-1.558470127981944871e-03
-1.582552576226545953e-03
-1.606848132230945941e-03
-1.631356921739414868e-03
-1.711398788425213830e-03
-1.731752498259545199e-03
-1.752243560565204181e-03
-1.772871998284772420e-03
-1.793637832882635308e-03
-1.812169882332021658e-03
-1.830810024512720185e-03
-1.849558262404823409e-03
-1.868414595769271255e-03
-1.891671418391324992e-03
-1.915090579381144992e-03
-1.938672058292582358e-03
-1.962415827045680544e-03
-2.096172347521429915e-03
-2.113237913480714263e-03
-2.130380288623365519e-03
-2.147599444291278283e-03
-2.164895349968741934e-03
-2.182267973529396742e-03
-2.209357961608027915e-03
-2.236632196798770105e-03
-2.264090536292966919e-03
-2.291732827315089149e-03
-2.433724711132056844e-03
-2.469948134408297014e-03
-2.506460893934919863e-03
-2.543262525440979482e-03
-2.580352539820589004e-03
-2.617730424287625837e-03
-2.745637829272722531e-03
-2.761854039880856215e-03
-2.778120705335923157e-03
-2.794437778289454461e-03
-2.810805212381447919e-03
-2.849296740065050768e-03
-2.888063044629847736e-03
-2.927103458361714813e-03
-2.966417290465792750e-03
-3.093682836361476545e-03
-3.125930260956612510e-03
-3.158349280177123221e-03
-3.190939475957269098e-03
-3.223700427882140226e-03
-3.256121967620955425e-03
-3.288708195403645083e-03
-3.321458682760936119e-03
-3.354372993262953219e-03
-3.393709843953872027e-03
-3.433276778803639930e-03
-3.473073021521612316e-03
-3.513097779675114583e-03
-3.781256053206449863e-03
-3.815452729982048759e-03
-3.849798172108463961e-03
-3.884291863604682777e-03
-3.918933280536638503e-03
-3.953721892314260994e-03
-3.998118724418388281e-03
-4.042751026132860442e-03
-4.087617664249356894e-03
-4.132717487364849160e-03
-4.194299650025799971e-03
-4.256306233322770458e-03
-4.318734203734329175e-03
-4.381580469744876180e-03
-4.444841882304225063e-03
-4.734347136868780059e-03
-4.771105838994676128e-03
-4.807989288061116119e-03
-4.844996856533413492e-03
-4.882127911006979050e-03
-4.919381812660101119e-03
-4.971088053688875637e-03
-5.023026156275912230e-03
-5.075194382416386638e-03
-5.127590973922015530e-03
-5.198469833547077548e-03
-5.269754764656730921e-03
-5.341441314868932734e-03
-5.413524970289517423e-03
-5.486001156172309358e-03
-5.832506688206851204e-03
-5.876400089588821110e-03
-5.920419094691529473e-03
-5.964562684994561582e-03
-6.008829834401621835e-03
-6.053219510132898905e-03
-6.112266024053488248e-03
-6.171523694137637066e-03
-6.230990060067834006e-03
-6.290662640624100459e-03
-6.335657500420085325e-03
-6.380766423980255807e-03
-6.425988334418088373e-03
-6.471322148764009630e-03
-6.516766778174561472e-03
-6.866464762944874019e-03
-7.222032614276637993e-03
-7.266865888265913904e-03
-7.311781836321317590e-03
-7.356779429519543119e-03
-7.401857633595862809e-03
-7.447015409879789369e-03
-7.573435761235176346e-03
-7.700444718598117508e-03
-7.828019224958276262e-03
-7.956135971186783368e-03
-8.274543040148091971e-03
-8.354596498959769926e-03
-8.434819283880021570e-03
-8.515205666844544510e-03
-8.595749887110664192e-03
-8.676446155681262137e-03
-8.747007862637925721e-03
-8.817677114293617432e-03
-8.888450010839909696e-03
-8.959322637319992386e-03
-9.046244698597839459e-03
-9.133303183179066267e-03
-9.220490812018354923e-03
-9.307800275997887493e-03
-9.395224236987140612e-03
-9.895300746606165015e-03
-9.957986378952865883e-03
-1.002070210108492454e-02
-1.008344518659757411e-02
-1.014621290062027795e-02
-1.020900250325745134e-02
-1.035169184228898823e-02
-1.049444770084217472e-02
-1.063723772258585304e-02
-1.078002943736993194e-02
-1.115820514871904319e-02
-1.125264386298112720e-02
-1.134702143145674066e-02
-1.144132830569161152e-02
-1.153555492241828753e-02
-1.162969171134053958e-02
-1.191732311585889069e-02
-1.220374713824907628e-02
-1.248868868180091907e-02
-1.277187299545614989e-02
-1.286987633722398196e-02
-1.296762258896935228e-02
-1.306510029115822043e-02
-1.316229799953943201e-02
-1.325920428891185811e-02
-1.364876973768340551e-02
-1.378722044168406193e-02
-1.392489858171253557e-02
-1.406176974570707769e-02
-1.419779966816152317e-02
-1.448440374760575841e-02
-1.476671641357159628e-02
-1.504441641561372889e-02
-1.531718770965316209e-02
-1.542883805118404859e-02
-1.553956449826557513e-02
-1.564934544347715631e-02
-1.575815944416723846e-02
-1.586598520843178137e-02
-1.613835912992175534e-02
-1.640371918344869437e-02
-1.666172326929396888e-02
-1.691203995931722312e-02
-1.708976229777219372e-02
-1.726309437458382195e-02
-1.743191900010188783e-02
-1.759612240035151806e-02
-1.775559424373209308e-02
-1.805650132177119907e-02
-1.819962037092145643e-02
-1.833772627136624062e-02
-1.847073128341258572e-02
-1.859855158812115383e-02
-1.872110742189196653e-02
-1.896479498100901023e-02
-1.907730050311391701e-02
-1.918347822779225414e-02
-1.928325861905909669e-02
-1.937657793545070548e-02
-1.946337833957480223e-02
-1.958352213928961708e-02
-1.968810777396389974e-02
-1.977701043445424800e-02
-1.985013939080332301e-02
-1.988076975105246280e-02
-1.990743825370054620e-02
-1.993014326169662703e-02
-1.994888530101901133e-02
-1.996366707291569870e-02
-1.997933945051297636e-02
-1.998055350381567480e-02
-1.998160236244336807e-02
-1.998248609522462402e-02
-1.998320477010332927e-02
-1.998398230663469763e-02
-1.998411695907936075e-02
-1.998422773202319924e-02
-1.998431463116859957e-02
-1.998437766208428085e-02
-1.998419116796183725e-02
-1.998295425364978242e-02
-1.998066889955100317e-02
-1.997733725129669999e-02
-1.996518656435117972e-02
-1.994713633925215140e-02
-1.992322630628456590e-02
-1.989350112357738537e-02
-1.985801036564765684e-02
-1.977624492699786921e-02
-1.967486334872076484e-02
-1.961695857511337737e-02
-1.955432743038846080e-02
-1.948703656092636016e-02
-1.941515612365614027e-02
-1.933875973122405750e-02
-1.925792439143099444e-02
-1.899948674992667924e-02
-1.885721053933996430e-02
-1.870660359725141372e-02
-1.854796329256841111e-02
-1.838159982213377272e-02
-1.820783575372563953e-02
-1.802700555752864350e-02
-1.761223332815507747e-02
-1.716956910355570132e-02
-1.693899276473017149e-02
-1.670292599111003820e-02
-1.646188671306103232e-02
-1.621640275110260154e-02
-1.596701084048506719e-02
-1.571425562230928386e-02
-1.522136513759471052e-02
-1.472207150855271880e-02
-1.422039473540478646e-02
-1.372038273259455071e-02
-1.322608420477007322e-02
-1.274152151570671736e-02
-1.228391547677710333e-02
-1.184280757184156055e-02
-1.142167030034704420e-02
-1.102386039317932581e-02
-1.065259744292863103e-02
-1.031094339327992548e-02
-1.001726969909541749e-02
-9.755035700296246781e-03
-9.526360286577323713e-03
-9.333179477490136447e-03
-9.177235221704322168e-03
-9.060065293746899159e-03
-8.985529953989674495e-03
-8.954823233329495258e-03
-8.947086844024485647e-03
-8.944860188576762502e-03
-8.944616011983666515e-03
-8.946361269430293944e-03
-8.950102399940932513e-03
-8.955845324666880658e-03
-8.963595444515345956e-03
-9.002307652203681010e-03
-9.062059474894565425e-03
-9.142920369322682372e-03
-9.244902627791004232e-03
-9.367961309846031814e-03
-9.511994309796031888e-03
-9.823123569625270141e-03
-1.020010620055050200e-02
-1.064098163509184444e-02
-1.114322722261095605e-02
-1.170378011424350918e-02
-1.231906367768406327e-02
-1.292320889468099102e-02
-1.356594787782768735e-02
-1.424361419022894017e-02
-1.495228533780530548e-02
-1.568781128515291459e-02
-1.644584473934361177e-02
-1.721436666072886229e-02
-1.799602762095508027e-02
-1.878621969703962724e-02
-1.958027278372827945e-02
-2.037348814483140244e-02
-2.116117219479350664e-02
-2.192792883627038558e-02
-2.268038707637242204e-02
-2.341425203436810903e-02
-2.412535814499482123e-02
-2.480969836377585128e-02
-2.546345227539769870e-02
-2.607162029971958964e-02
-2.664369414353034288e-02
-2.717673370723161855e-02
-2.766806151924399923e-02
-2.811528087136593371e-02
-2.851629205987082569e-02
-2.886339262565430774e-02
-2.916281569138295601e-02
-2.941348085136520629e-02
-2.961462471315440270e-02
-2.976580594673958191e-02
-2.986690822871787207e-02
-2.991957373868290443e-02
-2.991714450075104101e-02
-2.986066337388602540e-02
-2.975156654826293864e-02
-2.959167317326821811e-02
-2.938317223582094517e-02
-2.911482331807981050e-02
-2.879906512505102031e-02
-2.843961609542128982e-02
-2.804054549182849118e-02
-2.760624084348846027e-02
-2.714137287164765378e-02
-2.666054709654438679e-02
-2.615988563763820690e-02
-2.564437239691089165e-02
-2.511910659567018200e-02
-2.458926347519577171e-02
-2.406005438764919485e-02
-2.354862464412137493e-02
-2.304758632146426678e-02
-2.256167932048875127e-02
-2.209553287496941396e-02
-2.165363145200663655e-02
-2.124028171225290570e-02
-2.087242835449064707e-02
-2.053842642861206449e-02
-2.024151170260116844e-02
-1.998466635139858547e-02
-1.977059849507893999e-02
-1.960172362620635905e-02
-1.948993970161901068e-02
-1.941794513437042694e-02
-1.939298958633161457e-02
-1.938561943878962940e-02
-1.939604456597654805e-02
-1.942443280986995077e-02
-1.947090959670989135e-02
-1.953555766754464310e-02
-1.969785959086621172e-02
-1.991904830149108727e-02
-2.019855484437544160e-02
-2.053536418209652575e-02
-2.092802316053402056e-02
-2.137465166313459036e-02
-2.195206415402127173e-02
-2.259368804850433662e-02
-2.329474198702044876e-02
-2.404984405285547425e-02
-2.485306644311368815e-02
-2.569799540653868938e-02
-2.653187903516509433e-02
-2.739101839043868447e-02
-2.826905559007229785e-02
-2.915946184237666258e-02
-3.005559701242354123e-02
-3.095077027438962458e-02
-3.180914366769512641e-02
-3.265439470434739616e-02
-3.348066002396517249e-02
-3.428223968689808610e-02
-3.505364583261532524e-02
-3.578964952999816318e-02
-3.647155794675643187e-02
-3.711045844028407897e-02
-3.770239579982707923e-02
-3.824380070999655601e-02
-3.873151898017042349e-02
-3.916283735767088492e-02
-3.952921610390541102e-02
-3.983739562502382203e-02
-4.008615892437423361e-02
-4.027475905356174557e-02
-4.040292498631034568e-02
-4.047086371625847889e-02
-4.048180842948925773e-02
-4.045084289200066158e-02
-4.037888037734014418e-02
-4.026706614151275010e-02
-4.011677093508168868e-02
-3.992958315844693379e-02
-3.966710921759401126e-02
-3.936010732251104399e-02
-3.901210905037598431e-02
-3.862696126054884077e-02
-3.820879646802199242e-02
-3.776200114032367272e-02
-3.729181858087201457e-02
-3.680244834453749725e-02
-3.629881039550788419e-02
-3.578593435351796331e-02
-3.526892098046708474e-02
-3.475290312696319855e-02
-3.425451377197816227e-02
-3.376671097755155199e-02
-3.329415859131543837e-02
-3.284140934631463171e-02
-3.241287159086785052e-02
-3.201277707679101026e-02
-3.165793655057468070e-02
-3.133663328383735902e-02
-3.105203248852082473e-02
-3.080705073001271943e-02
-3.060433617279243249e-02
-3.044625066556473636e-02
-3.034434545996975152e-02
-3.028106434928897611e-02
-3.026870566409932059e-02
-3.026082247359079130e-02
-3.025800434216270596e-02
-3.025735307739729416e-02
-3.025887764661405743e-02
-3.026258638874256002e-02
-3.026848701018875973e-02
-3.027658658018436005e-02
-3.031910306276664954e-02
-3.038591023631439028e-02
-3.047711350615314382e-02
-3.059274092772494569e-02
-3.073274316082241775e-02
-3.089699359718487207e-02
-3.125835340681756142e-02
-3.169778992897770431e-02
-3.221259539468224881e-02
-3.279926860380961984e-02
-3.345355278034031765e-02
-3.417048088074847029e-02
-3.491570336433413163e-02
-3.570835773621222620e-02
-3.654241574223684313e-02
-3.741144740514183720e-02
-3.830868453618164332e-02
-3.922708760136867784e-02
-4.011155194103505767e-02
-4.100225801797739711e-02
-4.189285904559139628e-02
-4.277701480549137708e-02
-4.364844795117207160e-02
-4.450099976885516645e-02
-4.530811369807129230e-02
-4.608626496877642198e-02
-4.683036639892663999e-02
-4.753562292263183164e-02
-4.819757195713746806e-02
-4.881212093869315150e-02
-4.936804300747019841e-02
-4.987117893682205955e-02
-5.031884477789135696e-02
-5.070881536422042202e-02
-5.103934240116084209e-02
-5.130916862295549496e-02
-5.151628042387490503e-02
-5.166255582868110180e-02
-5.174824414925550953e-02
-5.177408728310982367e-02
-5.174131352764141378e-02
-5.165162745466372884e-02
-5.151402278151714226e-02
-5.132828223720702771e-02
-5.109706752654356865e-02
-5.082338051803750312e-02
-5.051054075576310448e-02
-5.016216057669065087e-02
-4.978224109165088618e-02
-4.937478999801019758e-02
-4.894412407999369080e-02
-4.849473371085309681e-02
-4.803124935903291259e-02
-4.755840707030951214e-02
-4.708726939096090358e-02
-4.661635167558154241e-02
-4.615030620763645869e-02
-4.569375057491342762e-02
-4.525123423291630559e-02
-4.482720557919685211e-02
-4.443718462369952715e-02
-4.407247662515040992e-02
-4.373671411215135363e-02
-4.343333270688817110e-02
-4.316554776450978737e-02
-4.293633254028530327e-02
-4.276071243986237502e-02
-4.262249083718190612e-02
-4.252339245762049719e-02
-4.247505507338052849e-02
-4.245713440991803062e-02
-4.244873112333100856e-02
-4.244995485873083452e-02
-4.246090257556705411e-02
-4.248165843522232199e-02
-4.251229370265461466e-02
-4.264846714007390627e-02
-4.286092909355077030e-02
-4.314962385322321931e-02
-4.351373447087937552e-02
-4.395169218172705061e-02
-4.446119324094972847e-02
-4.509548898705830616e-02
-4.580658912783241998e-02
-4.658874255178339918e-02
-4.743536257294526937e-02
-4.833910735827250810e-02
-4.929196902309875700e-02
-5.017245798693350384e-02
-5.107860799817513092e-02
-5.200387147714100045e-02
-5.294153421995018149e-02
-5.388477941107816527e-02
-5.482675272190012244e-02
-5.572276221175912619e-02
-5.660537474206529113e-02
-5.746877516616352016e-02
-5.830732940646804474e-02
-5.911563361932135191e-02
-5.988856128365266374e-02
-6.061416134477851797e-02
-6.129607248050467083e-02
-6.193037009214941851e-02
-6.251354872957516629e-02
-6.304255174683193186e-02
-6.351479706399289216e-02
-6.392996912263283760e-02
-6.428416029000384724e-02
-6.457631410234303260e-02
-6.480591910538455180e-02
-6.497301271430290515e-02
-6.507818032040030287e-02
-6.512290032878778612e-02
-6.512101185846255746e-02
-6.510115118482365237e-02
-6.506372570555289669e-02
-6.500919060254255200e-02
-6.493804750487863764e-02
-6.485084297731424918e-02
-6.469962700927203714e-02
-6.451872659221669082e-02
-6.431017105508145260e-02
-6.407614232635587548e-02
-6.381896274662034185e-02
-6.354108220593512879e-02
-6.321018313807651168e-02
-6.286045793939722126e-02
-6.249572835409401145e-02
-6.211991886749344133e-02
-6.173702993129880773e-02
-6.135111075815088966e-02
-6.096775065759992007e-02
-6.058943850613637827e-02
-6.022015690037039320e-02
-5.986382830153813561e-02
-5.952428870806721062e-02
-5.920526194271266696e-02
-5.892223135772599318e-02
-5.866432687162195098e-02
-5.843440839484999316e-02
-5.823516432133805931e-02
-5.806909514409402950e-02
-5.793849826321329638e-02
-5.785718527852088539e-02
-5.781800814047449028e-02
-5.779202316418935448e-02
-5.777952444964349482e-02
-5.778077900371350606e-02
-5.779602623464599048e-02
-5.782547750566316425e-02
-5.791540905561256419e-02
-5.805324127889817387e-02
-5.823950306926607007e-02
-5.847440693390701383e-02
-5.875784820417914722e-02
-5.908940626414666691e-02
-5.969267349876891671e-02
-6.040425147674041706e-02
-6.121837752348608525e-02
-6.212772405982642382e-02
-6.312351971679762419e-02
-6.398594758051157072e-02
-6.489253605280116688e-02
-6.583696240505985953e-02
-6.681254235355742199e-02
-6.781230040811196680e-02
-6.882904346606977253e-02
-6.979824816079495398e-02
-7.076982515763753645e-02
-7.173754482987633463e-02
-7.269524024815950114e-02
-7.363686423321966212e-02
-7.455654513548304330e-02
-7.544200118594875104e-02
-7.629504664442714190e-02
-7.711076020001582376e-02
-7.788458473893700162e-02
-7.861236812783975458e-02
-7.929040019431764230e-02
-7.992281464792283519e-02
-8.049809681901305691e-02
-8.101396951977170302e-02
-8.146872945401030519e-02
-8.186126183667669087e-02
-8.219104948709454739e-02
-8.248483856943575332e-02
-8.270177299972146512e-02
-8.284375642313206167e-02
-8.291357844670911581e-02
-8.292135861766636307e-02
-8.289647302897309999e-02
-8.284064018827808074e-02
-8.281595260587579221e-02
-8.278822117494713528e-02
-8.275751852666743402e-02
-8.272391917060727129e-02
-8.268749943949195436e-02
-8.264833742968666352e-02
-8.255049811760974132e-02
-8.244009578171304642e-02
-8.231811274693531799e-02
-8.218556811230419423e-02
-8.204351446488623856e-02
-8.189303447418935789e-02
-8.169221452174343923e-02
-8.148197505080595482e-02
-8.126466526349519770e-02
-8.104267004061220525e-02
-8.081839782661280613e-02
-8.059426844825721969e-02
-8.035107925222598202e-02
-8.011416950224040101e-02
-7.988669042453411251e-02
-7.971259163058283526e-02
-7.954818075261087251e-02
-7.939499586925213848e-02
-7.929189314396824229e-02
-7.919601850654206521e-02
-7.910790900055518493e-02
-7.902808584745028841e-02
-7.897809633194884105e-02
-7.893245446483121430e-02
-7.891048150553831020e-02
-7.888974919269850505e-02
-7.887027877091720707e-02
-7.885209115181278372e-02
-7.883520690776481266e-02
-7.879234097514471735e-02
-7.876207592418857373e-02
-7.874491869266798949e-02
-7.874134481504613259e-02
-7.875179731532853944e-02
-7.877668566792828120e-02
-7.884535792428629120e-02
-7.895143977107610400e-02
-7.909597044534451282e-02
-7.927976605307507363e-02
-7.950341533871953248e-02
-7.976727675544749430e-02
-8.023736568984023154e-02
-8.079715818723182119e-02
-8.144495980357994991e-02
-8.217795384770348877e-02
-8.299224387689736748e-02
-8.388290956621813343e-02
-8.480167933803905989e-02
-8.577915747477475594e-02
-8.680878058850104162e-02
-8.788340952626005897e-02
-8.899541856630885373e-02
-9.013679031382698659e-02
-9.120261525277012504e-02
-9.227960122863836101e-02
-9.336112153704140271e-02
-9.444055070454121514e-02
-9.551133245760752566e-02
-9.656704679713391803e-02
-9.758160745678377823e-02
-9.857008476799954122e-02
-9.952716144414804067e-02
-1.004478704821917534e-01
-1.013276428010775748e-01
-1.021623507381047846e-01
-1.029675721385339832e-01
-1.037182188198274568e-01
-1.044115225256224688e-01
-1.050453422185186614e-01
-1.056181836477997488e-01
-1.061292121429633084e-01
-1.066401355087436137e-01
-1.070699914609690440e-01
-1.074207503316919887e-01
-1.076954924240314249e-01
-1.078983600838205742e-01
-1.080113145395211194e-01
-1.080854252200078164e-01
-1.081239906074451113e-01
-1.081306160477638750e-01
-1.081091814560428965e-01
-1.080638064983226732e-01
-1.080173929103113439e-01
-1.079620582302561194e-01
-1.078996507283146722e-01
-1.078320508210370010e-01
-1.077611620876805926e-01
-1.076889021913270406e-01
-1.076123349172419114e-01
-1.075387383189221058e-01
-1.074704366638650627e-01
-1.074097238392595771e-01
-1.073588510930046230e-01
-1.073200327852942282e-01
-1.072953673266872632e-01
-1.072869052250764593e-01
-1.072966094601801451e-01
-1.073263455653535314e-01
-1.073778717768269220e-01
-1.074646420806638358e-01
-1.075836772692769922e-01
-1.077369500427422661e-01
-1.079262006089455328e-01
-1.081529256480116968e-01
-1.084183689427371949e-01
-1.088105426524225844e-01
-1.092674261733416613e-01
-1.097897047976213181e-01
-1.103773714069708339e-01
-1.110297303640509214e-01
-1.117454086585051715e-01
-1.127314637655680990e-01
-1.138088330985353586e-01
-1.149706005007956056e-01
-1.162085071263368463e-01
-1.175131039892523821e-01
-1.188739227585162567e-01
-1.200353415979356908e-01
-1.212208228955818923e-01
-1.224233982414628247e-01
-1.236359675119581419e-01
-1.248513838565539491e-01
-1.260625391295824294e-01
-1.273301965314408146e-01
-1.285773052619282597e-01
-1.295588301533345255e-01
-1.305184151832566308e-01
-1.314525388247066995e-01
-1.323579273088405228e-01
-1.332315827010579490e-01
-1.340885893446061294e-01
-1.349071319070269392e-01
-1.356850569515136717e-01
-1.364205992490379882e-01
-1.371123947516131591e-01
-1.377594913509146979e-01
-1.384573937903263441e-01
-1.390935978824998087e-01
-1.396687561033136127e-01
-1.401842825991522490e-01
-1.406423307776481502e-01
-1.410457623395066085e-01
-1.414095618314757663e-01
-1.417232541665283119e-01
-1.419920996944911695e-01
-1.422219322738140224e-01
-1.424190790944539209e-01
-1.425902746897605156e-01
-1.427171522301711459e-01
-1.428352187948016827e-01
-1.429486370328070521e-01
-1.430615988561580731e-01
-1.431782878775331447e-01
-1.433028420350958287e-01
-1.434474446000308101e-01
-1.436099835422972038e-01
-1.437575615576688892e-01
-1.439220153756657905e-01
-1.441054683320178997e-01
-1.443099173654389666e-01
-1.445372200949777697e-01
-1.448094137875418075e-01
-1.451119869668464624e-01
-1.454466275946272591e-01
-1.458147825930724562e-01
-1.462176486218297877e-01
-1.466561640564558455e-01
-1.472693186833230472e-01
-1.479425096797342687e-01
-1.486757901475873056e-01
-1.494685018543925326e-01
-1.503192886715619681e-01
-1.512261180752235146e-01
-1.523790000720716409e-01
-1.536022960256627212e-01
-1.548891802848723076e-01
-1.562318290239982643e-01
-1.576215659418464810e-01
-1.590490205890349174e-01
-1.603056368578515134e-01
-1.615764378244308463e-01
-1.628547103548790009e-01
-1.641337224819272023e-01
-1.654068110860489049e-01
-1.666674682000792440e-01
-1.678760337789342860e-01
-1.690614127239515874e-01
-1.702184694899775974e-01
-1.713424784016305547e-01
-1.724291783119775712e-01
-1.734748209949031339e-01
-1.745391592804858005e-01
-1.755502494704960503e-01
-1.765057662944555517e-01
-1.774042014008146984e-01
-1.782448764931394702e-01
-1.790279448539227325e-01
-1.800285840573790375e-01
-1.809238210444026329e-01
-1.815552165391062234e-01
-1.821321784823141665e-01
-1.826605904884025244e-01
-1.831471106348519784e-01
-1.835990523016003129e-01
-1.840242522523996560e-01
-1.843314719405561575e-01
-1.846318034591784008e-01
-1.849288890330809676e-01
-1.852263802710021612e-01
-1.855279030919941008e-01
-1.858370231747347168e-01
-1.861879539522102167e-01
-1.865564954742444381e-01
-1.869467930842416414e-01
-1.873627180883404297e-01
-1.877183192793734356e-01
-1.880944980437062042e-01
-1.884927817225416080e-01
-1.889145300984963194e-01
-1.893609255093565702e-01
-1.899524994016939528e-01
-1.905852999378908619e-01
-1.912603614725595647e-01
-1.919782396620916265e-01
-1.927390094413417021e-01
-1.935422676614077242e-01
-1.948362860498788207e-01
-1.962204755920253230e-01
-1.976876283698928427e-01
-1.989249814693183349e-01
-2.002046601132871639e-01
-2.015203659496236366e-01
-2.028652768435257603e-01
-2.042321676395086327e-01
-2.056135380912427479e-01
-2.068834063866347162e-01
-2.081531245286781240e-01
-2.094168934223661072e-01
-2.106690649828487638e-01
-2.119042201331028663e-01
-2.131172425598603370e-01
-2.143211221834521174e-01
-2.154927982537896969e-01
-2.166282848358317692e-01
-2.177241684382866527e-01
-2.187776510057033996e-01
-2.197865834643968341e-01
-2.208808447835579891e-01
-2.219141813237599792e-01
-2.228866598977024271e-01
-2.237994960157591307e-01
-2.246550156672244281e-01
-2.254565972536875518e-01
-2.262111736088641134e-01
-2.269211055096148066e-01
-2.275924644329885838e-01
-2.282319765165335412e-01
-2.288468861507909902e-01
-2.294448115140829969e-01
-2.299474858776733854e-01
-2.304484226407166048e-01
-2.309525111572785783e-01
-2.314645430720018993e-01
-2.319891468570851878e-01
-2.325307252056148521e-01
-2.330947673921278940e-01
-2.336838098239814032e-01
-2.343012685573199472e-01
-2.349501256994205312e-01
-2.356328926177226613e-01
-2.363515801455378651e-01
-2.372348614446523341e-01
-2.381701809360582123e-01
-2.391579643951719514e-01
-2.401976434187477749e-01
-2.412876790220896128e-01
-2.424256025984554419e-01
-2.437279011966425324e-01
-2.450784821321625173e-01
-2.464707755158033198e-01
-2.478973519505894840e-01
-2.493501028186325685e-01
-2.508204326014660812e-01
-2.520849578261311619e-01
-2.533502349291874567e-01
-2.546107052374519952e-01
-2.558609507692936047e-01
-2.570957820999879018e-01
-2.583103215615810133e-01
-2.594953015066261970e-01
-2.606517174389562097e-01
-2.617760953669116541e-01
-2.628655214282399899e-01
-2.639176825406325255e-01
-2.649308965991278852e-01
-2.660676628239325714e-01
-2.671490122886602259e-01
-2.681756718549376806e-01
-2.691495681893688596e-01
-2.700737655655068292e-01
-2.709523798531518479e-01
-2.717529374095481454e-01
-2.725216787119707496e-01
-2.732642549265322796e-01
-2.739867541148063856e-01
-2.746955698002571111e-01
-2.753972649029352016e-01
-2.760300862273550315e-01
-2.766672583934424168e-01
-2.773134187552874774e-01
-2.779729814759289153e-01
-2.786500631869064382e-01
-2.793411742100621042e-01
-2.800563667922306155e-01
-2.807984247116358523e-01
-2.815696426510468919e-01
-2.823717960102794522e-01
-2.832061168826391917e-01
-2.841950670455763439e-01
-2.852266006267019649e-01
-2.862998985295867049e-01
-2.874132457939507224e-01
-2.885640808436016336e-01
-2.897490613347396549e-01
-2.910081624944439449e-01
-2.922943878064881984e-01
-2.936020001658210532e-01
-2.949248356134808735e-01
-2.962564495629000372e-01
-2.975902670547004858e-01
-2.988723593944827561e-01
-3.001446830856279169e-01
-3.014017688345841939e-01
-3.026385240116821751e-01
-3.036056537876447581e-01
-3.045548859339962666e-01
-3.054844037393077971e-01
-3.063926621510618120e-01
-3.072784079465968876e-01
-3.082140042818106718e-01
-3.091211313325917254e-01
-3.099994450497496334e-01
-3.108490452195991627e-01
-3.116704681024621282e-01
-3.124646733994195791e-01
-3.137855272728691247e-01
-3.147267310195899226e-01
-3.156349849804410135e-01
-3.165161911202402645e-01
-3.173768287157994195e-01
-3.182237743834297472e-01
-3.190641111217636383e-01
-3.197228456608893765e-01
-3.203852273926203198e-01
-3.210544873192289761e-01
-3.217336887131059808e-01
-3.224256730892016698e-01
-3.231851521395930904e-01
-3.239650944917614184e-01
-3.247678418080451879e-01
-3.255952524783924384e-01
-3.264486736453758864e-01
-3.273289214073550335e-01
-3.284052245907437273e-01
-3.295189219521246216e-01
-3.306684825538094841e-01
-3.318514147217325738e-01
-3.330643476785704049e-01
-3.343031340625753356e-01
-3.355100562439433665e-01
-3.367316384915062799e-01
-3.379628907393539272e-01
-3.391986323165319672e-01
-3.404336201485011482e-01
-3.416626767034296464e-01
-3.430586614391661904e-01
-3.441292464965985953e-01
-3.451839117658390688e-01
-3.462199942347411463e-01
-3.472352005998162183e-01
-3.482276473350207624e-01
-3.492012441123005240e-01
-3.501493761306286312e-01
-3.510715406066676758e-01
-3.519677229271358510e-01
-3.528383893440824592e-01
-3.536844725871431949e-01
-3.549818796073694327e-01
-3.559555411017206183e-01
-3.569028682878045422e-01
-3.578290096352482741e-01
-3.587395988838277816e-01
-3.596405819943959137e-01
-3.605380346053371765e-01
-3.613749095517334586e-01
-3.622186050489777931e-01
-3.630735065999868838e-01
-3.639436034412853460e-01
-3.646352675217819361e-01
-3.653397362232672085e-01
-3.660581923836749851e-01
-3.667915742775910704e-01
-3.675405613063497667e-01
-3.684752641347275315e-01
-3.694339531431344859e-01
-3.704162374224468923e-01
-3.714211553180775116e-01
-3.724472056513298268e-01
-3.734923894773237163e-01
-3.747646969329198052e-01
-3.760559942888972995e-01
-3.773607921885172578e-01
-3.786731953549541951e-01
-3.799871058613447095e-01
-3.812964282239942326e-01
-3.826995307684594172e-01
-3.836664015436251352e-01
-3.846218399965246060e-01
-3.855639584325224467e-01
-3.864911228760330997e-01
-3.874019841436667777e-01
-3.883332761959334967e-01
-3.892449106218728305e-01
-3.901364796733997609e-01
-3.910079702112790323e-01
-3.918597582398116730e-01
-3.926925971768827073e-01
-3.941033741057499706e-01
-3.951280922577634636e-01
-3.961314386831881196e-01
-3.971183693950511295e-01
-3.980942597740319555e-01
-3.990647127570242647e-01
-4.000353585641197030e-01
-4.010550683113862647e-01
-4.018774836412128959e-01
-4.027102027346958213e-01
-4.035555733235181575e-01
-4.044155749285238688e-01
-4.052917751239231148e-01
-4.061678420672344414e-01
-4.070611923878126315e-01
-4.079720100990991138e-01
-4.089000453399603274e-01
-4.098446274673965828e-01
-4.108046857264123219e-01
-4.124842915180562120e-01
-4.135933985639543287e-01
-4.147128485920070773e-01
-4.158392582770248924e-01
-4.169690604137157308e-01
-4.180986095244369483e-01
-4.192242918582536615e-01
-4.206450192340785432e-01
-4.216002063904524255e-01
-4.225450262225214360e-01
-4.234778821193772025e-01
-4.243974345472695253e-01
-4.253026297379536302e-01
-4.262401042872016599e-01
-4.271603254318321885e-01
-4.280632074752998562e-01
-4.289490584311761445e-01
-4.298185665992254045e-01
-4.306727800770648873e-01
-4.319246309971864761e-01
-4.329124872283234282e-01
-4.338875319112692197e-01
-4.348536397039952650e-01
-4.358148795748915116e-01
-4.367753724128617954e-01
-4.377391468312492040e-01
-4.388238989233995135e-01
-4.396529849558194480e-01
-4.404916260150886775e-01
-4.413413107164259608e-01
-4.422032126756885173e-01
-4.430781644936231944e-01
-4.440027037712439006e-01
-4.449419898766360237e-01
-4.458957129229849659e-01
-4.468631571393307245e-01
-4.478432267783477583e-01
-4.488344801812971796e-01
-4.501341662335333615e-01
-4.514453008895502606e-01
-4.527629736952296091e-01
-4.538276739272307791e-01
-4.548905263261167620e-01
-4.559488635199626660e-01
-4.570001645413800384e-01
-4.580421274971643308e-01
-4.590727351441752369e-01
-4.601052081048291886e-01
-4.611229126089305130e-01
-4.621249394927784970e-01
-4.631108404287109792e-01
-4.640806344554236906e-01
-4.650348000731292508e-01
-4.664268092541868915e-01
-4.677909836594850157e-01
-4.687948000983789831e-01
-4.697895932118544837e-01
-4.707786295465010706e-01
-4.717652963034513758e-01
-4.727529738685027905e-01
-4.737449061463026023e-01
-4.747708051863677725e-01
-4.758071657274389188e-01
-4.766123543474516389e-01
-4.774259466480184066e-01
-4.782485458143524437e-01
-4.790805261631157497e-01
-4.799220258623924651e-01
-4.809865421365295268e-01
-4.820650439501938944e-01
-4.831563017732948273e-01
-4.842586147095995219e-01
-4.853698806103244889e-01
-4.864876776662100388e-01
-4.876260557828106523e-01
-4.887655307209671229e-01
-4.899031780392700264e-01
-4.910361600882465760e-01
-4.921618300994597961e-01
-4.932778274649523009e-01
-4.943318876286916796e-01
-4.953739651460583038e-01
-4.964031036762271420e-01
-4.974187761823394838e-01
-4.984208959746885270e-01
-4.994098125752381989e-01
-5.009602899894456396e-01
-5.021621488456963212e-01
-5.033509606705366402e-01
-5.045306412454664269e-01
-5.057054522772768124e-01
-5.066463557423447339e-01
-5.075891530123750606e-01
-5.085359258147594819e-01
-5.094885627571715814e-01
-5.104486979400382207e-01
-5.114176586666862034e-01
-5.123407128108579123e-01
-5.132730133157206165e-01
-5.142147699109366199e-01
-5.151658829027027098e-01
-5.161259509709842375e-01
-5.170942882828186704e-01
-5.183897488401002507e-01
-5.196952709308019225e-01
-5.210075190410037305e-01
-5.223228158449974012e-01
-5.236373477700063672e-01
-5.249473712669489034e-01
-5.261514636339187367e-01
-5.273463260899792227e-01
-5.282836698384770768e-01
-5.292132330192029777e-01
-5.301344874205756730e-01
-5.310471364452595822e-01
-5.319511215179026919e-01
-5.330939925930480161e-01
-5.342239424082915189e-01
-5.353424427634546623e-01
-5.364514397060599071e-01
-5.375532536502033443e-01
-5.386504661089180912e-01
-5.396720386050026796e-01
-5.406941876828086357e-01
-5.417190424723746789e-01
-5.427485622789046671e-01
-5.437844601833932145e-01
-5.448281376548091970e-01
-5.458816332457916420e-01
-5.469446040200581782e-01
-5.480172712197793894e-01
-5.490994350314020167e-01
-5.501904901794091307e-01
-5.512894577805979024e-01
-5.525863166194988629e-01
-5.538896835455052736e-01
-5.551966415961384627e-01
-5.565040943372195903e-01
-5.578089438330603445e-01
-5.591082636920416959e-01
-5.603754437708146074e-01
-5.613629984910740722e-01
-5.623437415785393911e-01
-5.633171559634895242e-01
-5.642829636737296539e-01
-5.652411329811415364e-01
-5.664379091311841918e-01
-5.676238623264225902e-01
-5.688004683902814218e-01
-5.699696389466480939e-01
-5.711336126692893034e-01
-5.722948333514897845e-01
-5.733556545007969518e-01
-5.744181604716848133e-01
-5.754841070863528918e-01
-5.765550509333126072e-01
-5.776322845672771100e-01
-5.787167841028932891e-01
-5.798397057194466520e-01
-5.809712216290933151e-01
-5.821111712533106886e-01
-5.832589863397932284e-01
-5.844137248707649279e-01
-5.855741216585085285e-01
-5.868154597876024114e-01
-5.880594230855116233e-01
-5.893038197632527453e-01
-5.905464555738262344e-01
-5.917852502688117911e-01
-5.930183454897354212e-01
-5.941374925786367944e-01
-5.952497144380455296e-01
-5.963544294266749368e-01
-5.974513842287785259e-01
-5.985406599028093577e-01
-5.996226628994476560e-01
-6.013435936183347819e-01
-6.026383719044013931e-01
-6.039283052508220839e-01
-6.052159813615884953e-01
-6.065040591554028415e-01
-6.077950983911305505e-01
-6.090913948653200460e-01
-6.100329696449106054e-01
-6.109788306252239565e-01
-6.119293663017326690e-01
-6.128847985297162237e-01
-6.138451718196165086e-01
-6.150683663713205629e-01
-6.162986110516199822e-01
-6.175348693881628215e-01
-6.187757870358754353e-01
-6.200197700409137980e-01
-6.212650739490120921e-01
-6.224668688098188296e-01
-6.236666427398587231e-01
-6.248629404127855613e-01
-6.260544993764104449e-01
-6.272403107016790713e-01
-6.284196661555995211e-01
-6.296370980957173291e-01
-6.308471380552248542e-01
-6.320501556027946499e-01
-6.332468894453588959e-01
-6.344384007027604744e-01
-6.356260096217735134e-01
-6.368252392389786021e-01
-6.380236708817312863e-01
-6.392229709305429219e-01
-6.404247206441939788e-01
-6.416303295581232691e-01
-6.428409600955052872e-01
-6.440098023267217808e-01
-6.451845276946825969e-01
-6.463652751931951990e-01
-6.475518660260196624e-01
-6.487438184905676142e-01
-6.499403783922167444e-01
-6.513521262072394791e-01
-6.527669844363229723e-01
-6.541828666812913307e-01
-6.555976519719443063e-01
-6.570093378883905544e-01
-6.584161807229005348e-01
-6.596259632175895948e-01
-6.608305126551801134e-01
-6.620295142698240376e-01
-6.632229533085285400e-01
-6.644111147010952623e-01
-6.660577326007157684e-01
-6.676975274254575154e-01
-6.689321697169176018e-01
-6.701659948775363640e-01
-6.714004215980368118e-01
-6.726368152427134595e-01
-6.738764083471672217e-01
-6.751202263894031663e-01
-6.761966292450903859e-01
-6.772770493962750882e-01
-6.783616168379884570e-01
-6.794502807104559894e-01
-6.805428137563833690e-01
-6.816388251322729186e-01
-6.832256889030874358e-01
-6.848166517242229023e-01
-6.860980809035913675e-01
-6.873793892729648247e-01
-6.886593504649374253e-01
-6.899368450527599839e-01
-6.912109247601534445e-01
-6.924808676518430239e-01
-6.936278701194390495e-01
-6.947709626539945171e-01
-6.959102081938037809e-01
-6.970458619280034407e-01
-6.981783565279136017e-01
-6.993082785802224866e-01
-7.006974360642894695e-01
-7.020852704213418338e-01
-7.034733670742208123e-01
-7.048632799010626782e-01
-7.062564181055130952e-01
-7.076539470224381123e-01
-7.089198399571788878e-01
-7.101903552462075497e-01
-7.114655803171270332e-01
-7.127453337926672461e-01
-7.140291811873291650e-01
-7.153164658032230561e-01
-7.168313543941804422e-01
-7.183482621249391853e-01
-7.198655201553882943e-01
-7.213814976361904163e-01
-7.228947365128358671e-01
-7.244040680463642579e-01
-7.257122067939439924e-01
-7.270165417219143222e-01
-7.283170846117569264e-01
-7.296141053601414850e-01
-7.309081114108517685e-01
-7.321998122106725404e-01
-7.336736389415378090e-01
-7.351470260682430036e-01
-7.366214613340006379e-01
-7.380983592456249465e-01
-7.395789482871301113e-01
-7.410641763706202756e-01
-7.424049802793403208e-01
-7.437501918822920777e-01
-7.450997131991643485e-01
-7.464531944644972050e-01
-7.478100618637366637e-01
-7.491695599599014210e-01
-7.506568019817763115e-01
-7.521448886802585276e-01
-7.536325840157911404e-01
-7.551187544269978291e-01
-7.566024567759177533e-01
-7.580830092011797694e-01
-7.594792531460001772e-01
-7.608723099023381176e-01
-7.622624065612713107e-01
-7.636500165447187571e-01
-7.650358227674008971e-01
-7.664206665162779375e-01
-7.678653161002133576e-01
-7.693110383269428088e-01
-7.707588841980821392e-01
-7.722097780893805163e-01
-7.736644503278748974e-01
-7.751233860041754076e-01
-7.765811843946291981e-01
-7.780433432175435371e-01
-7.795095144568754408e-01
-7.809791113857663669e-01
-7.824513582025083291e-01
-7.839253530977774442e-01
-7.853921791813419651e-01
-7.868588666621046945e-01
-7.883245826839170300e-01
-7.897886449573443546e-01
-7.912505710811104098e-01
-7.927101120254166355e-01
-7.942555532486741399e-01
-7.957986137381781733e-01
-7.973398744453871201e-01
-7.988801431980828704e-01
-8.004203833805499935e-01
-8.019616312483746068e-01
-8.034805329127081563e-01
-8.050022781961980733e-01
-8.065275905923575683e-01
-8.080569768776854067e-01
-8.095906890627946328e-01
-8.111430114972326688e-01
-8.126994350760865515e-01
-8.142594311694626441e-01
-8.158222829694585787e-01
-8.173871498609522890e-01
-8.189531391944082639e-01
-8.205681516865174219e-01
-8.221825940441228608e-01
-8.237958016143936968e-01
-8.254073515282598361e-01
-8.270170982675011384e-01
-8.286379089829246647e-01
-8.302574516964418283e-01
-8.318763835293414566e-01
-8.334955332316811294e-01
-8.351158254094529498e-01
-8.367381992301473614e-01
-8.385750051175753228e-01
-8.404166061065423410e-01
-8.418651051432491927e-01
-8.433171522756963689e-01
-8.447727365534725141e-01
-8.462316911192208080e-01
-8.476937061560357867e-01
-8.497159763823788348e-01
-8.517418653633762604e-01
-8.533140941213377406e-01
-8.548869332583057812e-01
-8.564598138502923508e-01
-8.580322997386741202e-01
-8.596041223024154521e-01
-8.611752037393359815e-01
-8.627197044740082532e-01
-8.642638898211914000e-01
-8.658081940015730504e-01
-8.673531637186755461e-01
-8.688994155690807908e-01
-8.704475883422368998e-01
-8.723079457373132950e-01
-8.741728504535468680e-01
-8.760429777220737346e-01
-8.775253421436316481e-01
-8.790112247880825791e-01
-8.805005155208295298e-01
-8.819929867334738161e-01
-8.834883098043065930e-01
-8.854625196402340359e-01
-8.874399372162994348e-01
-8.894195269178141183e-01
-8.914003886522912090e-01
-8.933818691886699082e-01
-8.953636391988549770e-01
-8.971639964936152234e-01
-8.989648965774776901e-01
-9.007668335351909361e-01
-9.025704663343900869e-01
-9.043765531280559822e-01
-9.061858763755583634e-01
-9.081928338555262936e-01
-9.102054603582557801e-01
-9.122243126174460759e-01
-9.137976108223273553e-01
-9.153747736770078136e-01
-9.169556439086640198e-01
-9.185399656372394972e-01
-9.201274043031598682e-01
-9.221333092432715262e-01
-9.241427411222666866e-01
-9.261549424448696222e-01
-9.281693086904024836e-01
-9.301854619640810284e-01
-9.322032958132825398e-01
-9.342181283615648146e-01
-9.362352523176931118e-01
-9.382553229953886076e-01
-9.402791355012367625e-01
-9.423075353727726755e-01
-9.443413255376187365e-01
-9.466415921642219455e-01
-9.484777568716188378e-01
-9.503193861073391258e-01
-9.521664690394592290e-01
-9.540188380381605660e-01
-9.558761915436935208e-01
-9.580752462904558175e-01
-9.602799362526192040e-01
-9.624895186481127185e-01
-9.647033715361830186e-01
-9.669210839705528748e-01
-9.691425158057633826e-01
-9.712544538443691478e-01
-9.733702490412153852e-01
-9.754904603291384424e-01
-9.776157776365459462e-01
-9.797469474539464152e-01
-9.818846931772824416e-01
-9.844515084167867469e-01
-9.864957014611646091e-01
-9.885470662173735379e-01
-9.906056206163121880e-01
-9.926712173696474739e-01
-9.947435714364513126e-01
-9.970562064003700709e-01
-9.993761379571064474e-01
-1.001702807033775899e+00
-1.004035774962284577e+00
-1.006374794203723999e+00
-1.008719852564388120e+00
-1.011080802099491915e+00
-1.013448553963219201e+00
-1.015823768717359243e+00
-1.018207219562054622e+00
-1.020599705811006785e+00
-1.023001965483157027e+00
-1.025997914451788118e+00
-1.028189218923363013e+00
-1.030389485970981234e+00
-1.032598667934584880e+00
-1.034816594614778484e+00
-1.037043006093230524e+00
-1.039680695583469427e+00
-1.042329268944199416e+00
-1.044988339111957654e+00
-1.047657722999450369e+00
-1.050337497164582024e+00
-1.053028013410926889e+00
-1.056038834950397520e+00
-1.059064850165225335e+00
-1.062107317528368178e+00
-1.064542121402555663e+00
-1.066988674566422546e+00
-1.069447397189746685e+00
-1.071918570893343414e+00
-1.074402330388884996e+00
-1.076898672053092865e+00
-1.080783272360632763e+00
-1.083683214805402084e+00
-1.086598874105944024e+00
-1.089530083344636857e+00
-1.092476864743622045e+00
-1.095439474691680015e+00
-1.098418417776320322e+00
-1.101715515735312678e+00
-1.105034465973340874e+00
-1.108376576980905970e+00
-1.111743116546265897e+00
-1.115135178605848321e+00
-1.118553591802673663e+00
-1.121507882080325258e+00
-1.124482128568013772e+00
-1.127476386782227946e+00
-1.130490648674529641e+00
-1.133524903360282554e+00
-1.136579199991810896e+00
-1.140849187225206229e+00
-1.143944615563073697e+00
-1.147061176732115495e+00
-1.150199586598653401e+00
-1.153360684179440820e+00
-1.156545385474201160e+00
-1.160018725758606539e+00
-1.163521949356405072e+00
-1.167056089664618490e+00
-1.170622019170356465e+00
-1.174220437648849646e+00
-1.177851891515111493e+00
-1.182556163400324323e+00
-1.186398296852962941e+00
-1.190277411698104748e+00
-1.194194177237968946e+00
-1.198149477475233704e+00
-1.202144438630310175e+00
-1.206180423652503775e+00
-1.211839450159691634e+00
-1.216185831459101641e+00
-1.220583737827296567e+00
-1.225035105820013293e+00
-1.229541738181294086e+00
-1.234105282164613682e+00
-1.238727245864540860e+00
-1.245960800763300957e+00
-1.250897801999356185e+00
-1.255902885265144153e+00
-1.260978149989989250e+00
-1.266126025572719582e+00
-1.271349277358782892e+00
-1.276650977874633552e+00
-1.282946279280321678e+00
-1.288115024736947944e+00
-1.293363038600498172e+00
-1.298693249595910704e+00
-1.304108552383463904e+00
-1.309611820551385364e+00
-1.315205945390024889e+00
-1.322209405823275175e+00
-1.329360433841985323e+00
-1.335210984961565428e+00
-1.341164394562305517e+00
-1.347224675139824246e+00
-1.353396180212015798e+00
-1.359683587593578658e+00
-1.366091868959397715e+00
-1.373387720069323192e+00
-1.380847981038523686e+00
-1.388480504492781487e+00
-1.396293431433220489e+00
-1.404295241744405454e+00
-1.412494851549810582e+00
-1.420982380541834011e+00
-1.429691626618167177e+00
-1.438633965035841955e+00
-1.447821783749928093e+00
-1.457268577891547512e+00
-1.466989010194652554e+00
-1.479674054316156173e+00
-1.489259856999001652e+00
-1.499125405798736210e+00
-1.509286340971917051e+00
-1.519759377554783075e+00
-1.530562431569779669e+00
-1.541714779334780072e+00
-1.557469907143250953e+00
-1.573966658662796503e+00
-1.591269909231254998e+00
-1.609452967763042031e+00
-1.628598878954660822e+00
-1.642619850572962781e+00
-1.657194133761557886e+00
-1.672361061970577545e+00
-1.688163794232134585e+00
-1.704649811539453941e+00
-1.721871498119281085e+00
-1.737680079580541825e+00
-1.754146641322612332e+00
-1.771319071350736740e+00
-1.789250168300092758e+00
-1.807998310628355032e+00
-1.827628230260220921e+00
-1.845191422319049535e+00
-1.863503714395050137e+00
-1.882620097689562622e+00
-1.902601225634212856e+00
-1.923514166423850869e+00
-1.945433281119610225e+00
-1.964556130844138604e+00
-1.984490277963244953e+00
-2.005293985798731526e+00
-2.027031357505821862e+00
-2.049773100332592968e+00
-2.073597415827850288e+00
-2.094497184307170912e+00
-2.116277432685457427e+00
-2.139000140385435067e+00
-2.162733380289801222e+00
-2.187552099840382347e+00
-2.213539027556810090e+00
-2.236357365139008735e+00
-2.260125777307095518e+00
-2.284909727299103022e+00
-2.310780973215499579e+00
-2.337818355116442870e+00
-2.366108705937781220e+00
-2.390930448448443268e+00
-2.416767751676323961e+00
-2.443688849205839730e+00
-2.471768365869856154e+00
-2.501088096199077349e+00
-2.531737902712518640e+00
-2.558577573430042218e+00
-2.586489109327456681e+00
-2.615542379970862363e+00
-2.645813603959438431e+00
-2.677386100350047649e+00
-2.710351152959088683e+00
-2.742051899097404988e+00
-2.775106530519598991e+00
-2.809609243757008379e+00
-2.845663409553722989e+00
-2.883382741839171981e+00
-2.922892654863109119e+00
-2.953982329575022714e+00
-2.986235933556084188e+00
-3.019724131475779672e+00
-3.054523590920449116e+00
-3.090717653178943092e+00
-3.128397101531327440e+00
-3.160310126271471898e+00
-3.193336217942512878e+00
-3.227538288678747591e+00
-3.262984245812245998e+00
-3.299747514488061473e+00
-3.337907630435980266e+00
-3.370617828006506667e+00
-3.404397274242417115e+00
-3.439302696414107796e+00
-3.475395068469020909e+00
-3.512740030928402035e+00
-3.551408364148537000e+00
-3.584353933741752929e+00
-3.618297883560040340e+00
-3.653289459773866543e+00
-3.689381349493153106e+00
-3.726629998267454891e+00
-3.765095964936258088e+00
-3.797677951583759093e+00
-3.831165274476558302e+00
-3.865599019793847013e+00
-3.901022917931970646e+00
-3.937483566204734053e+00
-3.975030674668651010e+00
-4.006682877064486448e+00
-4.039133150855866106e+00
-4.072414434297632724e+00
-4.106561581253834525e+00
-4.141611502324153982e+00
-4.177603317356111567e+00
-4.207819753449413724e+00
-4.238720209162448072e+00
-4.270329978566835827e+00
-4.302675641628254333e+00
-4.335785138787109361e+00
-4.369687847732584451e+00
-4.398047264789321176e+00
-4.426976410892748959e+00
-4.456493753114632028e+00
-4.486618524321131396e+00
-4.517370745772168128e+00
-4.548771245024580523e+00
-4.574951938952045438e+00
-4.601593062161081882e+00
-4.628707228330237733e+00
-4.656307403534990286e+00
-4.684406889756614234e+00
-4.713019298738884366e+00
-4.736803742329873224e+00
-4.760948038897822698e+00
-4.785459956367195566e+00
-4.810347297541839318e+00
-4.835617855275033961e+00
-4.861279354577456857e+00
-4.882550416047102715e+00
-4.904091775346456572e+00
-4.925907312794565840e+00
-4.948000707643086749e+00
-4.970375373512270656e+00
-4.993034378549683794e+00
-5.011765298487133258e+00
-5.030689047861108598e+00
-5.049806478893980710e+00
-5.069118073474391473e+00
-5.088623865540008673e+00
-5.108323346868362869e+00
-5.124563734013550587e+00
-5.140931669297590823e+00
-5.157425715128487020e+00
-5.174043947174758351e+00
-5.190783868760980191e+00
-5.207642308021717348e+00
-5.221502254078901117e+00
-5.235436065451079202e+00
-5.249440627653355840e+00
-5.263512263936485525e+00
-5.277646645461014252e+00
-5.291838684062033060e+00
-5.303472727939118059e+00
-5.315137525613687686e+00
-5.326828780589836221e+00
-5.338541589540105825e+00
-5.350270351006178871e+00
-5.362008656864753142e+00
-5.371600862033303336e+00
-5.381190021000582746e+00
-5.390771045511759674e+00
-5.400338218910937016e+00
-5.409885105335143329e+00
-5.419404442085640206e+00
-5.427155378155792853e+00
-5.434877442716197216e+00
-5.442565057136793172e+00
-5.450212009578773831e+00
-5.457811366057874203e+00
-5.465355365256304943e+00
-5.471471378785317974e+00
-5.477539364261472699e+00
-5.483553480949330705e+00
-5.489507262060805637e+00
-5.495393528621849377e+00
-5.501204287760933731e+00
-5.505889134457136791e+00
-5.510512257930233915e+00
-5.515067724925649451e+00
-5.519548991616524347e+00
-5.523948820880613120e+00
-5.528259184731963316e+00
-5.531707882680685806e+00
-5.535085551044058860e+00
-5.538386287454343915e+00
-5.541603600047729117e+00
-5.544730328518218343e+00
-5.547758551088493029e+00
-5.550153187689434553e+00
-5.552470953134443832e+00
-5.554706063593711995e+00
-5.556852170389386281e+00
-5.558902285018724854e+00
-5.560848690863774202e+00
-5.562355858220419336e+00
-5.563783000885766938e+00
-5.565124513919545102e+00
-5.566374254267350885e+00
-5.567525469819793571e+00
-5.568570715920032832e+00
-5.569340241416323778e+00
-5.570028636826109825e+00
-5.570630515864393395e+00
-5.571139981872628155e+00
-5.571550560891934900e+00
-5.571855122927964032e+00
-5.572019782573562452e+00
-5.572103736708724497e+00
-5.572101842129193905e+00
-5.572008473230899206e+00
-5.571817459013567841e+00
-5.571522008993692765e+00
-5.571197950188888193e+00
-5.570794727059025675e+00
-5.570307452610676613e+00
-5.569730785111774551e+00
-5.569058868900253145e+00
-5.568285264789733624e+00
-5.567572910682410559e+00
-5.566783724767535801e+00
-5.565913081189063583e+00
-5.564955926324840263e+00
-5.563906723248020825e+00
-5.562759386440483844e+00
-5.561744640228194037e+00
-5.560655933309621268e+00
-5.559488900027157676e+00
-5.558238772989864351e+00
-5.556900331019233086e+00
-5.555467837967927203e+00
-5.554223447099801092e+00
-5.552908311250669193e+00
-5.551518319913718358e+00
-5.550048985782579436e+00
-5.548495396004555325e+00
-5.546852154893566755e+00
-5.545439131802084809e+00
-5.543958777112735881e+00
-5.542407227622474508e+00
-5.540780267070988252e+00
-5.539073280521674469e+00
-5.537281200755221455e+00
-5.535750227445211280e+00
-5.534155423780942051e+00
-5.532493164188950985e+00
-5.530759492545394451e+00
-5.528950079506252280e+00
-5.527060172369927749e+00
-5.525452939520013373e+00
-5.523785384680106603e+00
-5.522054109118212040e+00
-5.520255404814106370e+00
-5.518385214564109020e+00
-5.516439085106120466e+00
-5.514789535157150091e+00
-5.513083120466093057e+00
-5.511316657759022242e+00
-5.509486674506031356e+00
-5.507589371631484987e+00
-5.505620579702062756e+00
-5.503956036983882250e+00
-5.502237994662428910e+00
-5.500463473313391027e+00
-5.498629223089844587e+00
-5.496731688875876820e+00
-5.494766969346363439e+00
-5.493109153187632820e+00
-5.491401082703840864e+00
-5.489639970759558452e+00
-5.487822777474306690e+00
-5.485946177665039336e+00
-5.484006522595651134e+00
-5.482372440647947265e+00
-5.480691211943176988e+00
-5.478960230305048640e+00
-5.477176653383776461e+00
-5.475337372240946188e+00
-5.473438975616184088e+00
-5.471841703650083488e+00
-5.470200244323232042e+00
-5.468512161443461750e+00
-5.466774798164284022e+00
-5.464985248573547061e+00
-5.463140324314426977e+00
-5.461589680048107631e+00
-5.459997654613633067e+00
-5.458361971260475620e+00
-5.456680147105631207e+00
-5.454949466595558683e+00
-5.453166950327990037e+00
-5.451670073383840354e+00
-5.450134467293566765e+00
-5.448558004694397106e+00
-5.446938365671932125e+00
-5.445273012972912774e+00
-5.443559162883497393e+00
-5.442121007880301065e+00
-5.440646623494951761e+00
-5.439134022216641995e+00
-5.437581036678587054e+00
-5.435985296506443909e+00
-5.434344201118020301e+00
-5.432967949826065457e+00
-5.431557820352662880e+00
-5.430111956012139807e+00
-5.428628332125525091e+00
-5.427104734396754893e+00
-5.425538733506908073e+00
-5.424226148641191791e+00
-5.422881893480769655e+00
-5.421504233662691519e+00
-5.420091277912836958e+00
-5.418640957848682937e+00
-5.417151004249644686e+00
-5.415902718445014585e+00
-5.414624832877152016e+00
-5.413315727503132280e+00
-5.411973635718967834e+00
-5.410596625494599188e+00
-5.409182577209152853e+00
-5.407998339692449363e+00
-5.406786442250941960e+00
-5.405545371658353915e+00
-5.404273477793689828e+00
-5.402968956020767877e+00
-5.401629826484421137e+00
-5.400508704351330458e+00
-5.399361738381016629e+00
-5.398187515144778459e+00
-5.396984493347571465e+00
-5.395750987369532403e+00
-5.394485147926831203e+00
-5.393425681303805952e+00
-5.392342069742710464e+00
-5.391232993018013175e+00
-5.390097011467042343e+00
-5.388932550615810335e+00
-5.387737883114271931e+00
-5.386738223782247204e+00
-5.385716007910137826e+00
-5.384670002297063718e+00
-5.383598862173650801e+00
-5.382501116840387567e+00
-5.381375152792204908e+00
-5.380433182195900166e+00
-5.379470139872763568e+00
-5.378484873895904350e+00
-5.377476128118086507e+00
-5.376442528755465133e+00
-5.375382568622932844e+00
-5.374495975517042723e+00
-5.373589698129090486e+00
-5.372662660420083114e+00
-5.371713688991282432e+00
-5.370741500550522574e+00
-5.369744687184789811e+00
-5.368911042001513145e+00
-5.368059008735672322e+00
-5.367187582204290486e+00
-5.366295666270533005e+00
-5.365382062135472196e+00
-5.364445454578238071e+00
-5.363662274928010731e+00
-5.362861918392596294e+00
-5.362043445987111134e+00
-5.361205833758367234e+00
-5.360347961846144926e+00
-5.359468601628826434e+00
-5.358733365176024499e+00
-5.357982082610503127e+00
-5.357213876717997536e+00
-5.356427790900122332e+00
-5.355622778954679752e+00
-5.354797693065289188e+00
-5.354107910804471793e+00
-5.353403138753558110e+00
-5.352682557398834362e+00
-5.351945273059770081e+00
-5.351190308341221780e+00
-5.350416590911636128e+00
-5.349769810808772341e+00
-5.349109027477658707e+00
-5.348433475293886019e+00
-5.347742319338919970e+00
-5.347034646478179276e+00
-5.346309454876977618e+00
-5.345703273039442038e+00
-5.345084008806335163e+00
-5.344450946832812299e+00
-5.343803307025642546e+00
-5.343140236207447380e+00
-5.342460798319314641e+00
-5.341892912884827815e+00
-5.341312805601473812e+00
-5.340719808131752622e+00
-5.340113191641445489e+00
-5.339492159010648109e+00
-5.338855835679731321e+00
-5.338324007150859529e+00
-5.337780760076151765e+00
-5.337225469986001336e+00
-5.336657455881954171e+00
-5.336075972961040748e+00
-5.335480204060168319e+00
-5.334982313536687393e+00
-5.334473755499154812e+00
-5.333953946524344403e+00
-5.333422250374460383e+00
-5.332877971197770961e+00
-5.332320345536251338e+00
-5.331854322813949665e+00
-5.331378332824822763e+00
-5.330891830386287111e+00
-5.330394220958536877e+00
-5.329884854289422158e+00
-5.329363016945686482e+00
-5.328926921573224007e+00
-5.328481513021510629e+00
-5.328026281828399213e+00
-5.327560672405564191e+00
-5.327084077101686077e+00
-5.326595829220790002e+00
-5.326187840153777664e+00
-5.325771149794112702e+00
-5.325345282134009928e+00
-5.324909718067424969e+00
-5.324463889840707509e+00
-5.324007174530803077e+00
-5.323625514496395539e+00
-5.323235723447057310e+00
-5.322837356514670049e+00
-5.322429928549341049e+00
-5.322012908936096132e+00
-5.321585715496866875e+00
-5.321228768998413905e+00
-5.320864225623939348e+00
-5.320491669722995809e+00
-5.320110648009559462e+00
-5.319720664718372127e+00
-5.319321175908203081e+00
-5.318987358921328124e+00
-5.318646442952446485e+00
-5.318298039561959456e+00
-5.317941725135845843e+00
-5.317577036357257647e+00
-5.317203464883463404e+00
-5.316891300963362710e+00
-5.316572502763600383e+00
-5.316246707237323399e+00
-5.315913518458136089e+00
-5.315572503382913538e+00
-5.315223186878919037e+00
-5.314931276965097595e+00
-5.314633166083533311e+00
-5.314328514829432137e+00
-5.314016953055576309e+00
-5.313698075915620933e+00
-5.313371439210734515e+00
-5.313098550248252394e+00
-5.312819867797665019e+00
-5.312535074776459254e+00
-5.312243825383687224e+00
-5.311945741401405741e+00
-5.311640407849522738e+00
-5.311385273782597949e+00
-5.311124725082181364e+00
-5.310858465355771330e+00
-5.310586171365884844e+00
-5.310307489580630147e+00
-5.310022032106750167e+00
-5.309783571547449732e+00
-5.309540052984201175e+00
-5.309291199582966136e+00
-5.309036709443480717e+00
-5.308776252383394123e+00
-5.308509466137774524e+00
-5.308286589739656058e+00
-5.308058988073889317e+00
-5.307826402554140621e+00
-5.307588551184440284e+00
-5.307345125555734455e+00
-5.307095787297321010e+00
-5.306887444180433455e+00
-5.306674684902601413e+00
-5.306457267802342948e+00
-5.306234929336013373e+00
-5.306007381257657585e+00
-5.305774307311098781e+00
-5.305579463225472914e+00
-5.305380487914911569e+00
-5.305177155159533697e+00
-5.304969218248507978e+00
-5.304756407358202530e+00
-5.304538426440979393e+00
-5.304356417207012342e+00
-5.304170551895009744e+00
-5.303980619524463869e+00
-5.303786390011108409e+00
-5.303587611695684600e+00
-5.303384008462638022e+00
-5.303213708032526341e+00
-5.303039796307237985e+00
-5.302862075494087613e+00
-5.302680329865538056e+00
-5.302494323434271628e+00
-5.302303797251043171e+00
-5.302144558319248802e+00
-5.301981941555691691e+00
-5.301815761847413100e+00
-5.301645817291706919e+00
-5.301471887032486840e+00
-5.301293728720836818e+00
-5.301144982718220433e+00
-5.300993083486497781e+00
-5.300837858316083562e+00
-5.300679118843711457e+00
-5.300516659035976019e+00
-5.300350252821884212e+00
-5.300211242295786995e+00
-5.300069285386740603e+00
-5.299924220746343728e+00
-5.299775872400382504e+00
-5.299624047854317510e+00
-5.299468535889228171e+00
-5.299338531850527723e+00
-5.299205770713391495e+00
-5.299070101416592848e+00
-5.298931359191073831e+00
-5.298789363771936323e+00
-5.298643917340974063e+00
-5.298522313470694023e+00
-5.298398128550982911e+00
-5.298271221015783183e+00
-5.298141436444200103e+00
-5.298008605899567236e+00
-5.297872543988281890e+00
-5.297758992645103859e+00
-5.297643033231499210e+00
-5.297524533802302926e+00
-5.297403350439744862e+00
-5.297279325693329710e+00
-5.297152286781660280e+00
-5.297046081772191606e+00
-5.296937622737941886e+00
-5.296826786102793783e+00
-5.296713437061006502e+00
-5.296597428097248539e+00
-5.296478597311539360e+00
-5.296379207827791369e+00
-5.296277706059877133e+00
-5.296173976009351136e+00
-5.296067891124018878e+00
-5.295959312924053641e+00
-5.295848089414874948e+00
-5.295755311974621016e+00
-5.295660565053726287e+00
-5.295563740537723163e+00
-5.295464720505256295e+00
-5.295363376002277356e+00
-5.295259565532892232e+00
-5.295173223169895138e+00
-5.295085055736047153e+00
-5.294994963543003585e+00
-5.294902837896146686e+00
-5.294808559932428160e+00
-5.294711999262901259e+00
-5.294631073280110733e+00
-5.294548432137827554e+00
-5.294463981876454284e+00
-5.294377620022199693e+00
-5.294289234501216690e+00
-5.294198702347405749e+00
-5.294123108394446220e+00
-5.294045913169892259e+00
-5.293967029057587759e+00
-5.293886360498289534e+00
-5.293803802943967796e+00
-5.293719241674569531e+00
-5.293648362431531140e+00
-5.293575976761990987e+00
-5.293502002072107082e+00
-5.293426348228971179e+00
-5.293348916501341428e+00
-5.293269598481041172e+00
-5.293202845902074571e+00
-5.293134663546585905e+00
-5.293064972127945467e+00
-5.292993685102688417e+00
-5.292920707810894854e+00
-5.292845936322553513e+00
-5.292784598519298278e+00
-5.292721968560285539e+00
-5.292657976159377498e+00
-5.292592544700712942e+00
-5.292525590394098423e+00
-5.292457021340577938e+00
-5.292399146150426503e+00
-5.292340040484010188e+00
-5.292279636689142031e+00
-5.292217860965310550e+00
-5.292154632600450270e+00
-5.292089863023868190e+00
-5.292036072930187629e+00
-5.291981145873326575e+00
-5.291925019516143358e+00
-5.291867625933870833e+00
-5.291808891037218743e+00
-5.291748733632745783e+00
-5.291699279655801114e+00
-5.291648797756642431e+00
-5.291597232850029364e+00
-5.291544524959221896e+00
-5.291490608527888106e+00
-5.291435411728950378e+00
-5.291387838328703630e+00
-5.291339247573944249e+00
-5.291289583469397151e+00
-5.291238784844110477e+00
-5.291186784556283662e+00
-5.291133508801062924e+00
-5.291088316083797594e+00
-5.291042140395310511e+00
-5.290994926397512010e+00
-5.290946613588817016e+00
-5.290897135670303619e+00
-5.290846419730144135e+00
-5.290805333527831777e+00
-5.290763376842851251e+00
-5.290720502233136280e+00
-5.290676657922990245e+00
-5.290631787121123253e+00
-5.290585827449961975e+00
-5.290546413815623517e+00
-5.290506142707872783e+00
-5.290464965957378141e+00
-5.290422830877452576e+00
-5.290379679645735855e+00
-5.290335448636139581e+00
-5.290299206716543523e+00
-5.290262188591470682e+00
-5.290224350963738331e+00
-5.290185646620019888e+00
-5.290146024124029900e+00
-5.290105427092340662e+00
-5.290073032730030711e+00
-5.290039975507845327e+00
-5.290006219987700042e+00
-5.289971727726584305e+00
-5.289936457155644867e+00
-5.289900362953656732e+00
-5.289870890559203787e+00
-5.289840831736538185e+00
-5.289810156990750301e+00
-5.289778834247595540e+00
-5.289746828161247194e+00
-5.289714099979367923e+00
-5.289675652502152658e+00
-5.289649835059117677e+00
-5.289623532901214453e+00
-5.289596722914215121e+00
-5.289569380072514981e+00
-5.289541477070156539e+00
-5.289512984199325807e+00
-5.289505598731524927e+00
-5.289500495403127722e+00
-5.289495371834087578e+00
-5.289490228380543613e+00
-5.289485065019007948e+00
-5.289479881414043128e+00
-5.289474677246426282e+00
-5.289468931337187207e+00
-5.289463161310131056e+00
-5.289457366138758054e+00
-5.289451545004418165e+00
-5.289445697579290950e+00
-5.289438274128447581e+00
-5.289430808335147560e+00
-5.289423299321643235e+00
-5.289415746303862242e+00
-5.289396692695373048e+00
-5.289377348516748789e+00
-5.289364460669504275e+00
-5.289351438967651475e+00
-5.289338280342851029e+00
-5.289324981329142084e+00
-5.289311258122770809e+00
-5.289297380914444346e+00
-5.289283344945527432e+00
-5.289269145367738290e+00
-5.289254777325592016e+00
-5.289236986933876672e+00
-5.289218928057858982e+00
-5.289200590150638703e+00
-5.289181962033016937e+00
-5.289163031926626068e+00
-5.289149168150824032e+00
-5.289135135438261415e+00
-5.289120928545154143e+00
-5.289106541952659057e+00
-5.289091969846317909e+00
-5.289077206121076458e+00
-5.289063117232586819e+00
-5.289048847467088699e+00
-5.289034390551882403e+00
-5.289019739936889231e+00
-5.289004888997571818e+00
-5.288989830861797969e+00
-5.288974439648063353e+00
-5.288958822643796687e+00
-5.288942971274707361e+00
-5.288926876492323181e+00
-5.288910528737210903e+00
-5.288892839964135284e+00
-5.288880300131872048e+00
-5.288867603632482428e+00
-5.288854745418421821e+00
-5.288841720374123589e+00
-5.288828523069067700e+00
-5.288815147684609919e+00
-5.288803631357144930e+00
-5.288791978093542845e+00
-5.288780183598443152e+00
-5.288768243391155366e+00
-5.288756152869179772e+00
-5.288743907270824884e+00
-5.288730102869854122e+00
-5.288721038818518849e+00
-5.288715554848814726e+00
-5.288710038662725488e+00
-5.288704489388775798e+00
-5.288698906639068831e+00
-5.288693290074974129e+00
-5.288685487898134419e+00
-5.288677619051400214e+00
-5.288669682001385652e+00
-5.288661675213528035e+00
-5.288649660131634178e+00
-5.288641418051052590e+00
-5.288633099486023781e+00
-5.288624702536457001e+00
-5.288616225444082275e+00
-5.288607666378718264e+00
-5.288601710224257957e+00
-5.288600316474274976e+00
-5.288598920708238005e+00
-5.288597522775992488e+00
-5.288596122569086511e+00
-5.288594720080764588e+00
-5.288593315343558032e+00
-5.288591217090632846e+00
-5.288590730892362757e+00
-5.288590452392115004e+00
-5.288590173380717019e+00
-5.288589893998503655e+00
-5.288589614528760308e+00
-5.288589335061179675e+00
-5.288589040542537312e+00
-5.288588746139726737e+00
-5.288588451697070703e+00
-5.288588157141943746e+00
