5.000000000000000104e-03
5.000000000000000104e-03
5.000000000000000104e-03
5.000000000000000104e-03
5.000000000000000104e-03
9.883462759051534485e-01
9.658849297123447419e-01
9.434438268327536292e-01
9.170624188170619639e-01
8.926871793234392172e-01
8.430238948207599003e-01
7.964289548853439316e-01
7.538800867432519093e-01
7.124128601840493680e-01
6.779214847913063169e-01
6.454737155674734606e-01
6.180014076836090053e-01
5.925508820532625620e-01
5.720430677827705868e-01
5.525582583350523436e-01
5.350660673819729318e-01
5.176163640326441051e-01
5.031182434875524079e-01
4.905900324046313932e-01
4.771258137784938902e-01
4.665869908629656226e-01
4.551109484212668699e-01
4.455840838781508495e-01
4.360800746962095742e-01
4.265998721113737346e-01
4.190524823009403876e-01
4.115227619432768047e-01
4.040114623617389600e-01
3.965193177574680150e-01
3.899929736008463377e-01
3.834830389183424559e-01
3.779318818198774688e-01
3.714544930319338967e-01
3.659327985401641947e-01
3.604255701938394729e-01
3.558664689811499304e-01
3.513184473676459474e-01
3.458531790668042394e-01
3.413308162730268047e-01
3.368208009778873024e-01
3.332455653642510951e-01
3.287591479881446510e-01
3.252037015112146379e-01
3.207423137837235316e-01
3.172079931212066772e-01
3.136835524641421458e-01
3.101692846603099074e-01
3.066654733692347201e-01
3.031723930939488887e-01
2.996903092234420862e-01
2.851213160490730925e-01
2.716666240767011686e-01
2.593121280154888075e-01
2.488918230400682385e-01
2.386652891264182119e-01
2.294718323458025122e-01
2.212833380762549429e-01
2.132657875318139107e-01
2.054238138959744719e-01
1.993212329199078592e-01
1.925835585508725023e-01
1.867612593531521870e-01
1.810744516661533798e-01
1.755228868978965517e-01
1.701056730252016036e-01
1.655348760182604184e-01
1.610742514370413214e-01
1.567222286858073466e-01
1.524769664298278038e-01
1.483364109289636579e-01
1.449616713188304207e-01
1.410143497671959290e-01
1.378096702843938648e-01
1.340467305001513121e-01
1.310038173832454023e-01
1.280342798716733177e-01
1.251361653363972370e-01
1.223075255485018137e-01
1.195464273759038187e-01
1.168509614288827658e-01
1.142192489644226067e-01
1.116494473176919550e-01
1.097026716817599556e-01
1.072440846799089242e-01
1.048422866642833573e-01
1.030372496640666463e-01
1.007372700092125511e-01
9.901754288883214683e-02
9.681364302625286578e-02
9.517421312891577445e-02
9.306099720269943310e-02
9.149716248632787374e-02
8.996645210876115517e-02
8.797693443562662474e-02
8.651544909217842583e-02
8.508423716792655467e-02
8.368244914343880847e-02
8.184072323726233888e-02
8.050069508427194764e-02
7.918761094035836612e-02
7.790073376534686900e-02
7.663935169033200823e-02
7.540277714767568140e-02
7.419034601115158389e-02
7.300141675020943577e-02
7.183536960149078388e-02
7.026778894866529679e-02
6.956954659190368873e-02
6.805380520405275580e-02
6.697787453235881650e-02
6.632809746825843455e-02
6.528744782305469230e-02
6.426588633399722694e-02
6.326294018663859708e-02
6.227815189697957082e-02
6.131107871732405928e-02
6.036129206556480054e-02
5.942837697733231034e-02
5.851193158038377889e-02
5.761156659056508589e-02
5.709376230970709953e-02
5.622084919134322928e-02
5.536297557763860538e-02
5.451979663437147433e-02
5.369097793266907476e-02
5.322565633580791239e-02
5.242127392143579312e-02
5.163035724720677067e-02
5.085260866899058568e-02
5.042421485011902571e-02
4.966881750225040498e-02
4.892579192918099229e-02
4.819487224467683406e-02
4.780004279580449961e-02
4.708961895537382147e-02
4.639058949524200309e-02
4.601824098051567058e-02
4.533846806472405233e-02
4.466943350573352595e-02
4.431808957505955354e-02
4.366717003165431626e-02
4.302638283091782256e-02
4.269468818119558085e-02
4.207096254974925648e-02
4.145680842277815747e-02
4.114351656764369397e-02
4.054545009618699264e-02
4.024296334990577761e-02
3.966039768522879733e-02
3.908656849675002515e-02
3.880065228744417061e-02
3.824146497236183967e-02
3.796526411504131532e-02
3.742020052303298566e-02
3.688313339472406444e-02
3.662189556233472199e-02
3.609819126597034467e-02
3.584571230461520291e-02
3.533491138676124466e-02
3.509085225674715702e-02
3.459251596300976644e-02
3.435655389360542378e-02
3.387026298130774160e-02
3.364209050167095427e-02
3.316744413643071127e-02
3.269945164406930921e-02
3.248338290586001015e-02
3.202644249800834508e-02
3.181743275911667196e-02
3.137118606220352240e-02
3.116897549082518412e-02
3.073307920988090775e-02
3.053741966744004735e-02
3.011154478470777843e-02
2.992219917848526131e-02
2.950603020463009665e-02
2.932277188398450113e-02
2.891600615778909533e-02
2.873861835050775526e-02
2.834096538330794363e-02
2.816924066893580769e-02
2.778042153037960788e-02
2.761416134765446243e-02
2.744977127500278918e-02
2.707292227544215099e-02
2.670097739154354138e-02
2.654508374881373381e-02
2.639091451437778485e-02
2.603022355903478538e-02
2.588090378261927518e-02
2.552793613442944434e-02
2.538330132429237121e-02
2.503783173397522779e-02
2.489772407068739993e-02
2.475912278737606859e-02
2.442380369858374381e-02
2.428951951802700918e-02
2.396118593494278581e-02
2.383107590229042658e-02
2.350952990141012139e-02
2.338345668890427428e-02
2.325870231164425470e-02
2.294633913741753531e-02
2.282543900882892315e-02
2.251941244935050379e-02
2.240224180302517049e-02
2.210237723060132914e-02
2.198881607510076719e-02
2.187641177633991435e-02
2.158487788413575303e-02
2.147592375116635921e-02
2.119015349815984647e-02
2.108454021704466233e-02
2.097998316022530590e-02
2.070200128094587533e-02
2.060064005949588037e-02
2.032805621301534901e-02
2.022979105961841134e-02
1.996246305652379580e-02
1.986719785609176309e-02
1.977286168591847054e-02
1.951263038936848146e-02
1.942116685256496667e-02
1.933058587930061925e-02
1.907718766926029888e-02
1.898935856920215895e-02
1.874071269549206983e-02
1.865555194647053674e-02
1.857119878545079525e-02
1.832896465828943305e-02
1.824716938582716594e-02
1.800940207279462871e-02
1.793008808934333856e-02
1.785151352249804077e-02
1.761976938301688944e-02
1.754357491229007263e-02
1.746808364147932682e-02
1.724214911306768891e-02
1.716894173406606147e-02
1.694706495848539302e-02
1.687607449028069931e-02
1.680572841099729070e-02
1.658931854208007053e-02
1.652110104536394855e-02
1.645349671304751835e-02
1.624236517315587672e-02
1.617680534021365135e-02
1.596936973119789799e-02
1.590579562301841152e-02
1.584278378101395407e-02
1.564032319832274476e-02
1.557921972135786759e-02
1.551865150994687428e-02
1.532099887666684562e-02
1.526226529907822801e-02
1.506798748451773987e-02
1.501103679919502457e-02
1.495457719979041353e-02
1.476483802894649686e-02
1.471009335479664046e-02
1.465581635478544614e-02
1.447046733218342388e-02
1.441784040469987552e-02
1.423558032069128024e-02
1.418455777656267569e-02
1.413396445459932232e-02
1.395585466699553190e-02
1.390680583704380011e-02
1.385816587843121186e-02
1.368407401366485490e-02
1.363692133882561663e-02
1.359015819007245232e-02
1.341995729197689724e-02
1.337462676048404783e-02
1.332966735954919935e-02
1.316323562063488953e-02
1.311965657941540492e-02
1.307643117062007657e-02
1.291365167902293679e-02
1.287175665662801741e-02
1.271155924387008460e-02
1.267095911789629936e-02
1.263068365816214997e-02
1.247394888225704032e-02
1.243492200493751670e-02
1.239620451063348089e-02
1.224282754642025926e-02
1.220531430281103502e-02
1.216809588859128072e-02
1.201797599003968930e-02
1.198191937753264810e-02
1.194614373156080087e-02
1.179918403942725735e-02
1.176452953513738159e-02
1.173014278880207817e-02
1.158625014891915932e-02
1.155294558478231134e-02
1.151989618996597520e-02
1.137898098148842733e-02
1.134697642656039458e-02
1.120817749691372170e-02
1.117719101294348261e-02
1.114643866242915823e-02
1.101047117379439638e-02
1.098070215819875114e-02
1.095115622877512393e-02
1.081793933492915943e-02
1.078934341821355392e-02
1.076096004924213985e-02
1.063041587833685186e-02
1.060295054629660505e-02
1.057568770655020751e-02
1.044774122842749391e-02
1.042136573256642953e-02
1.039518313212208465e-02
1.026976203255753825e-02
1.024443730544332548e-02
1.021929631241798482e-02
1.009633087387835221e-02
1.007201944912724731e-02
1.004788301095550784e-02
9.927305999483210588e-03
9.903971936088284272e-03
9.785102455943585353e-03
9.762551062926524623e-03
9.740159873663296192e-03
9.623568789745944735e-03
9.601934880252162297e-03
9.580453463913892603e-03
9.466079746896954514e-03
9.445331198726151373e-03
9.424727775957840448e-03
9.312512508866704203e-03
9.292618477522891773e-03
9.272862530038668977e-03
9.162748819471716252e-03
9.143679679663941490e-03
9.124741892646918637e-03
9.016674784362504330e-03
8.998402074554575150e-03
