-4.415154820064235430e+00
-3.388926053133747729e+00
-2.363063699198722389e+00
-1.336965512822723134e+00
-3.108305116553733427e-01
5.933352176053774407e+00
6.905018199489730613e+00
7.876687107620301553e+00
8.859211367269910653e+00
9.841770619729647507e+00
1.181767646055569543e+01
1.380452752837156538e+01
1.580220043060684709e+01
1.782178285729102285e+01
1.984131921560229017e+01
2.187173628215967369e+01
2.390224203128961022e+01
2.594357596590387516e+01
2.797399276066865781e+01
3.001532948177568016e+01
3.205669447340391542e+01
3.410877931107092564e+01
3.614990662191723914e+01
3.819135402002326174e+01
4.024363835613324625e+01
4.228499635053499617e+01
4.433745751611558461e+01
4.637881376461875504e+01
4.843119241504571448e+01
5.048345477754273247e+01
5.252462567772951729e+01
5.457687307650165565e+01
5.662900373808383847e+01
5.868078960140293532e+01
6.072261679545479751e+01
6.277470129204819216e+01
6.482721218883546044e+01
6.687943343272689845e+01
6.893173729937763028e+01
7.098387102039414742e+01
7.302532312388483149e+01
7.507765853210423757e+01
7.712964564917092503e+01
7.918210633536142495e+01
8.123454772008273039e+01
8.328663966657437356e+01
8.533891243364746515e+01
8.738019786325246230e+01
8.943248932021990072e+01
9.148474944425824162e+01
9.353702858448967561e+01
9.558935241234991054e+01
9.764173060505976309e+01
9.969411885383318861e+01
1.017464397847249273e+02
1.120076514803351984e+02
1.222582984740625989e+02
1.325197535641898412e+02
1.427810476168947957e+02
1.530426635117298417e+02
1.632932253137112468e+02
1.735543631978372048e+02
1.838156341867324670e+02
1.940771185569402348e+02
2.043377133882542864e+02
2.145996353304072386e+02
2.248611165409931800e+02
2.351222384235609297e+02
2.453834967952890338e+02
2.556444188632343071e+02
2.658953736234947769e+02
2.761564275330204623e+02
2.864180362758276033e+02
2.966793344784894657e+02
3.069405305892002502e+02
3.172018648100273026e+02
3.274631255687924067e+02
3.377243675333679107e+02
3.479854959652165007e+02
3.582467532747867267e+02
3.685081590292282385e+02
3.787693766119832617e+02
3.890307735478942845e+02
3.992920489309573213e+02
4.095532930492623791e+02
4.198146081267227032e+02
4.300759003145644215e+02
4.403371638500997278e+02
4.505985801590078381e+02
4.608596931278337365e+02
4.711210370335346056e+02
4.813823341260494431e+02
4.916436470483742482e+02
5.019049374353074882e+02
5.121664460625763695e+02
5.224275945516458250e+02
5.326889124706440271e+02
5.429502160675041296e+02
5.532113754273766517e+02
5.634726343777132342e+02
5.737338892388422664e+02
5.839953882191319963e+02
5.942564509407210380e+02
6.045179748361373413e+02
6.147789072269952158e+02
6.250402417828802299e+02
6.353015520853183489e+02
6.455628348090244799e+02
6.558240941968334710e+02
6.660854799948755272e+02
6.763467930936653829e+02
6.866081794277131394e+02
6.968694454456883705e+02
7.071308983056098896e+02
7.173918720840132437e+02
7.276533750347567775e+02
7.379146720982317902e+02
7.481759300148623879e+02
7.584369019652227735e+02
7.686983960527763884e+02
7.789596495982247006e+02
7.892209498351048751e+02
7.994823253590645891e+02
8.097434187230772977e+02
8.200047026259456970e+02
8.302552255329025002e+02
8.405273714943612049e+02
8.507885354059874317e+02
8.610497500236403994e+02
8.713000438359947566e+02
8.815613629621610698e+02
8.918227397210262097e+02
9.020840032424943047e+02
9.123560832874404696e+02
9.226065432329864962e+02
9.328678572114521330e+02
9.431290970965458200e+02
9.533903944059650257e+02
9.636516806117899705e+02
9.739129835356728790e+02
9.841741550336574846e+02
9.944355407619939342e+02
1.004696830348232425e+03
1.014958142002511408e+03
1.025219405870278479e+03
1.035480724413382632e+03
1.045742168971881483e+03
1.056003469703030078e+03
1.066264683687887555e+03
1.076525887303693480e+03
1.086787176608130721e+03
1.097048429097604640e+03
1.107309788815178308e+03
1.117571107357954816e+03
1.127832334899658463e+03
1.138093691921930485e+03
1.148354928074678355e+03
1.158616342867678895e+03
1.168877689619114562e+03
1.179138886159869571e+03
1.189400206908559767e+03
1.199661515016132171e+03
1.209922865463966673e+03
1.220182719461025499e+03
1.230445203132406732e+03
1.240706743785281787e+03
1.250968015064124756e+03
1.261229278481571555e+03
1.271490856228026814e+03
1.281752161623119946e+03
1.292013137493040858e+03
1.302274519241907683e+03
1.312535843549032506e+03
1.322797274241425157e+03
1.333058347837104748e+03
1.343319718984214887e+03
1.353581193535316288e+03
1.363842234127921301e+03
1.374103615483259091e+03
1.384364919346693341e+03
1.394626290307674026e+03
1.404887576044052821e+03
1.415149552574504924e+03
1.425410940635214956e+03
1.435672126392006021e+03
1.445933354776174838e+03
1.456194603893233534e+03
1.466455938082517832e+03
1.476716950033682224e+03
1.486978271201598545e+03
1.497239855601268346e+03
1.507501004149684377e+03
1.517762193569421470e+03
1.528023364681901285e+03
1.538284802167590215e+03
1.548546084202253951e+03
1.558807360493405895e+03
1.569068583758719342e+03
1.579330195824465818e+03
1.589591341980929201e+03
1.599852607836815878e+03
1.610113718209031276e+03
1.620374951116122475e+03
1.630636228830639311e+03
1.640897518132663208e+03
1.651159227898623385e+03
1.661420468002109374e+03
1.671681756532646887e+03
1.681943063355940922e+03
1.692204286051360896e+03
1.702465184018194122e+03
1.712726848278004127e+03
1.722987811823963966e+03
1.733249169096969354e+03
1.743510450983096689e+03
1.753771614700246346e+03
1.764032972692348494e+03
1.774294274153980268e+03
1.784555470189038942e+03
1.794816875169585728e+03
1.805078174573608749e+03
1.815339849972217280e+03
1.825600636862743613e+03
1.835862139601794752e+03
1.846123584273060260e+03
1.856384757003875393e+03
1.866646018111105377e+03
1.876907196901365523e+03
1.887168488340823160e+03
1.897429792108388938e+03
1.907691214748743050e+03
1.917952592505343546e+03
1.928213754510930585e+03
1.938474990374987328e+03
1.948736275404174194e+03
1.958997498804225188e+03
1.969258883367897397e+03
1.979520186183298392e+03
1.989781594189247926e+03
2.000042890403401316e+03
2.010304400025276209e+03
2.020565703813936352e+03
2.030826894655961041e+03
2.041088281597674495e+03
2.051349634699295621e+03
2.061611275731841488e+03
2.071872634927257877e+03
2.082133800097131825e+03
2.092395092291710625e+03
2.102656481811431149e+03
2.112917663379689657e+03
2.123178935877361710e+03
2.133440154759518009e+03
2.143701403515668517e+03
2.153962234401137266e+03
2.164223472041046989e+03
2.174484743890137906e+03
2.184746107210834907e+03
2.195007395507640013e+03
2.205268618466109729e+03
2.215529944535606319e+03
2.225791319593805383e+03
2.236052587839695661e+03
2.246313887431454077e+03
2.256575176761990861e+03
2.266836750357255369e+03
2.277098088271906363e+03
2.287359058716745039e+03
2.297620384747147909e+03
2.307881573826728072e+03
2.318142971590018078e+03
2.328404366898189892e+03
2.338665531188400109e+03
2.348926745457219113e+03
2.359188056268364562e+03
2.369449444011084779e+03
2.379710610528609323e+03
2.389971989668175866e+03
2.400233274432629059e+03
2.410494604094244551e+03
2.420755892110370951e+03
2.431017258134790609e+03
2.441278416910010947e+03
2.451539957302495168e+03
2.461801165018655865e+03
2.472062503048385679e+03
2.482324162114370665e+03
2.492585356045559365e+03
2.502846604933865819e+03
2.513107878095201613e+03
2.523369239658476545e+03
2.533630568363985276e+03
2.543891856317164184e+03
2.554152894590041342e+03
2.564414156144301160e+03
2.574675580758548222e+03
2.584936773737179010e+03
2.595198080642358491e+03
2.605459446928360649e+03
2.615720604707147686e+03
2.625982240086979800e+03
2.636243638677841318e+03
2.646504764155022713e+03
2.656765798833550889e+03
2.667027106830160392e+03
2.677288538268174761e+03
2.687549729021980966e+03
2.697811026726957152e+03
2.708072332755365096e+03
2.718333571735060559e+03
2.728594943733401578e+03
2.738856246784720952e+03
2.749117508354698657e+03
2.759378892369429650e+03
2.769640283618476133e+03
2.779901459197914392e+03
2.790162845356193884e+03
2.800424077711065820e+03
2.810685123748581191e+03
2.820946428151759392e+03
2.831207872656825202e+03
2.841469050576234622e+03
2.851730391472031442e+03
2.861991703270368362e+03
2.872253022984172731e+03
2.882514383913009169e+03
2.892775683715852665e+03
2.903036907905345288e+03
2.913298182946644829e+03
2.923559507584088351e+03
2.933820728398892243e+03
2.944082115354508915e+03
2.954343400217036105e+03
2.964604707320281705e+03
2.974866103299184033e+03
2.985127196305629695e+03
2.995388440136226109e+03
3.005649753906614023e+03
3.015911045124463271e+03
3.026172351876638913e+03
3.036433693905884411e+03
3.046694986601173696e+03
3.056956361659475988e+03
3.067217669051212852e+03
3.077478981117131752e+03
