1.000000000000000000e+00
1.000000500030591155e+00
1.000001000061182532e+00
1.000006000367120285e+00
1.000011000673085126e+00
1.000026379354272965e+00
1.000041758035710382e+00
1.000057136717403150e+00
1.000099580357075801e+00
1.000142023998706442e+00
1.000184467642296626e+00
1.000485261424300942e+00
1.000786055304635047e+00
1.001086849283288061e+00
1.001823901827009200e+00
1.002560954961391415e+00
1.003298008686617893e+00
1.004035063002751693e+00
1.006713708893612225e+00
1.009392362594776049e+00
1.012071024107183970e+00
1.014749693429940036e+00
1.024525713281840833e+00
1.034301836801075458e+00
1.044078063818877355e+00
1.053854394378190618e+00
1.063630828607089018e+00
1.074286605904434477e+00
1.084942506637528892e+00
1.095598530898731715e+00
1.106254678718813000e+00
1.116910950073447761e+00
1.127567344933352977e+00
1.144053303366530772e+00
1.160539557958048862e+00
1.177026109125399733e+00
1.193512956886243259e+00
1.210000100947386636e+00
1.226487541083277844e+00
1.241546717574333325e+00
1.256606140977089447e+00
1.271665811206369234e+00
1.286725728199739960e+00
1.301785891954182484e+00
1.316846302483525299e+00
1.332653067490542576e+00
1.348460104322850794e+00
1.364267412975827209e+00
1.380074993439102116e+00
1.395882845691505558e+00
1.411690969710458710e+00
1.428894755578028475e+00
1.446098863372585530e+00
1.463303293125406190e+00
1.480508044809025314e+00
1.497713118368700025e+00
1.514918513773188202e+00
1.533417692509357444e+00
1.551917243390615875e+00
1.570417166438855983e+00
1.588917461611234483e+00
1.607418128848755901e+00
1.625919168125380621e+00
1.645739710617953433e+00
1.665560680184926534e+00
1.685382076842845578e+00
1.705203900546762075e+00
1.725026151238462369e+00
1.744848828892114234e+00
1.766111946959618040e+00
1.787375556368845597e+00
1.808639657138564116e+00
1.829904249222725543e+00
1.851169332559541303e+00
1.872434907120426262e+00
1.895257913118718829e+00
1.918081485002862019e+00
1.940905622794117047e+00
1.963730326443566376e+00
1.986555595884581749e+00
2.009381431086055159e+00
2.033876155347250858e+00
2.058371531205517524e+00
2.082867558681535503e+00
2.107364237719659972e+00
2.131861568247325867e+00
2.156359550232110234e+00
2.180456940172601943e+00
2.204554960380816553e+00
2.228653610819919084e+00
2.252752891460127582e+00
2.276852802290108890e+00
2.300953343304823484e+00
2.326602819037980385e+00
2.352253008552553926e+00
2.377903911859709840e+00
2.403555528941908381e+00
2.429207859765989408e+00
2.454860904309147163e+00
2.487938102470561130e+00
2.521016487741510215e+00
2.554096060443352023e+00
2.587176820532557819e+00
2.620258767730772487e+00
2.653341901851290707e+00
2.689103926791030386e+00
2.724867338989163557e+00
2.760632138555617843e+00
2.796398325286814757e+00
2.832165898916781721e+00
2.867934859349922316e+00
2.902745955447721737e+00
2.937558364911599718e+00
2.972372087613806890e+00
3.007187123466390055e+00
3.042003472454757773e+00
3.076821134580083772e+00
3.117724314600333280e+00
3.158629307197893255e+00
3.199536112593655446e+00
3.240444730718205157e+00
3.281355161319410296e+00
3.322267404226320053e+00
3.362846398285669558e+00
3.403427175084700274e+00
3.444009734551938706e+00
3.484594076574657695e+00
3.525180201081088871e+00
3.565768108051139418e+00
3.608984685861047925e+00
3.652203284421500662e+00
3.695423903752466988e+00
3.738646543786870335e+00
3.781871204425716115e+00
3.825097885609471060e+00
3.871753745981129757e+00
3.918411960165000707e+00
3.965072528221055492e+00
4.011735450058601771e+00
4.058400725536150055e+00
4.105068354582155798e+00
4.155182721494486309e+00
4.205299802420038091e+00
4.255419597409971111e+00
4.305542106353263065e+00
4.355667329098681151e+00
4.405795265577584274e+00
4.459546268502648125e+00
4.513300391508288989e+00
4.567057634642146091e+00
4.620817997787263209e+00
4.674581480787535881e+00
4.728348083571376925e+00
4.786030965148564853e+00
4.843717437380062663e+00
4.901407500313193388e+00
4.959101153817787377e+00
5.016798397724653746e+00
5.074499231958141898e+00
5.131258199243754703e+00
5.188020640112716464e+00
5.244786554478784169e+00
5.301555942272411670e+00
5.358328803467146351e+00
5.415105138051093725e+00
5.475529316907900679e+00
5.535957429388438378e+00
5.596389475518992462e+00
5.656825455258507773e+00
5.717265368529255376e+00
5.777709215277771371e+00
5.855641240926169999e+00
5.933579805852374989e+00
6.011524910810066125e+00
6.089476555697426186e+00
6.167434739862053483e+00
6.245399462866410012e+00
6.329671581101910860e+00
6.413951338654812595e+00
6.498238735782588371e+00
6.582533772008416051e+00
6.666836446709464070e+00
6.751146759662026042e+00
6.833192900623046739e+00
6.915246273664966026e+00
6.997306878488103621e+00
7.079374714886728981e+00
7.161449782827174815e+00
7.243532082312362341e+00
7.339954364604211356e+00
7.436386625028451824e+00
7.532828864102871336e+00
7.629281081665444830e+00
7.725743277125975084e+00
7.822215450084152977e+00
7.917894037029769905e+00
8.013582435963561679e+00
8.109280646717804686e+00
8.204988669028875137e+00
8.300706502729282121e+00
8.396434147772207979e+00
8.498352876713207493e+00
8.600282725018578489e+00
8.702223692735008953e+00
8.804175779705882832e+00
8.906138985699895372e+00
9.008113310577806843e+00
9.118168020761862280e+00
9.228235679283631754e+00
9.338316286283504297e+00
9.448409841549588961e+00
9.558516344751172511e+00
9.668635795721021609e+00
9.786877442179930497e+00
9.905134013759333556e+00
1.002340551057889328e+01
1.014169193237924738e+01
1.025999327880710155e+01
1.037830954970208985e+01
1.050516485733443872e+01
1.063203731749152325e+01
1.075892693028469260e+01
1.088583369544087454e+01
1.101275761259555530e+01
1.113969868158159748e+01
1.127587191550242451e+01
1.141206488191662949e+01
1.154827758093477819e+01
1.168451001225308161e+01
1.182076217547666452e+01
1.195703407042896771e+01
1.209106646854090883e+01
1.222511794954581354e+01
1.235918851324168166e+01
1.249327815946645970e+01
1.262738688815901966e+01
1.276151469929178894e+01
1.290424475595269804e+01
1.304699641504940111e+01
1.318976967664332633e+01
1.333256454063904251e+01
1.347538100685538609e+01
1.361821907516758579e+01
1.380236607062617438e+01
1.398654896036480011e+01
1.417076774614622536e+01
1.435502242773415205e+01
1.453931300360529733e+01
1.472363947273813167e+01
1.492285169819262514e+01
1.512210583370735328e+01
1.532140187988313684e+01
1.552073983560813097e+01
1.572011969943050680e+01
1.591954147082946847e+01
1.611357819275922054e+01
1.630765457277856001e+01
1.650177061018632685e+01
1.669592630450405935e+01
1.689012165565576140e+01
1.708435666364908556e+01
1.731249605304260442e+01
1.754069013021568324e+01
1.776893889637864277e+01
1.799724235115644788e+01
1.822560049317394615e+01
1.845401332149774021e+01
1.868051392696744983e+01
1.890706828126976546e+01
1.913367638401205539e+01
1.936033823458121361e+01
1.958705383258937971e+01
1.981382317792851921e+01
2.005522374131292551e+01
2.029668518217107120e+01
2.053820750061190026e+01
2.077979069627232178e+01
2.102143476861507665e+01
2.126313971731624264e+01
2.152396330415149350e+01
2.178485774274314224e+01
2.204582303341895155e+01
2.230685917568693810e+01
2.256796616877812411e+01
2.282914401230362955e+01
2.310954933892867302e+01
2.339003628712168847e+01
2.367060485716191565e+01
2.395125504844693509e+01
2.423198686015566494e+01
2.451280029191558185e+01
2.481384409472185837e+01
2.511498164620434181e+01
2.541621294662299491e+01
2.571753799534384655e+01
2.601895679151996887e+01
2.632046933476316042e+01
2.664387679283423083e+01
2.696739203957751840e+01
2.729101507525154346e+01
2.761474589915102484e+01
2.793858451035842805e+01
2.826253090846369886e+01
2.858112534909879798e+01
2.889982397544120118e+01
2.921862678701907257e+01
2.953753378345667358e+01
2.985654496461421203e+01
3.017566033042842832e+01
3.051522595774662960e+01
3.085490947169330411e+01
3.119471087241277374e+01
3.153463015968447181e+01
3.187466733308744082e+01
3.221482239233127132e+01
3.265335826739813285e+01
3.309208993226785367e+01
3.353101739106929102e+01
3.397014064325918525e+01
3.440945968528359344e+01
3.484897451475916341e+01
3.532401359194687274e+01
3.579928117887101990e+01
3.627477727694351728e+01
3.675050188357338499e+01
3.722645499537330238e+01
3.770263661113051512e+01
3.816602664051559657e+01
3.862963285676297431e+01
3.909345525829744616e+01
3.955749384400279212e+01
4.002174861366858494e+01
4.048621956729545701e+01
4.103191173389167545e+01
4.157790200656313573e+01
4.212419038817984074e+01
4.267077687786534312e+01
4.321766147238454181e+01
4.376484416954605194e+01
4.430770018523227094e+01
4.485084928974691110e+01
4.539429148217268306e+01
4.593802676106669480e+01
4.648205512551503205e+01
4.702637657526543791e+01
4.760618414729299985e+01
4.818632389678120376e+01
4.876679582400282698e+01
4.934759992810076312e+01
4.992873620779916877e+01
5.051020466233107697e+01
5.113822056969532781e+01
5.176662350552838632e+01
5.239541347063316579e+01
5.302459046383972918e+01
5.365415448330782766e+01
5.428410552810917977e+01
5.496126726990567590e+01
5.563887565455323170e+01
5.631693068275450997e+01
5.699543235306335731e+01
5.767438066349222225e+01
5.835377561314165007e+01
5.908333699278836093e+01
5.981341270853028647e+01
6.054400276104376388e+01
6.127510714878723519e+01
6.200672586967928623e+01
6.273885892276886267e+01
6.352592062726018440e+01
6.431357587365090467e+01
6.510182466263952961e+01
6.589066699247949543e+01
6.668010286087057636e+01
6.747013226678976139e+01
6.824941578726489411e+01
6.902927594738730477e+01
6.980971274602129029e+01
7.059072618220386630e+01
7.137231625554500170e+01
7.215448296587929633e+01
7.298979483688897574e+01
7.382576336747656853e+01
7.466238855806635399e+01
7.549967040807179330e+01
7.633760891636931945e+01
7.717620408220324180e+01
7.826235063686847582e+01
7.934959680280744010e+01
8.043794259118679690e+01
8.152738800060967606e+01
8.261793302154384833e+01
8.370957764758018982e+01
8.489786249072140834e+01
8.608744752773856135e+01
8.727833276296910014e+01
8.847051818923210931e+01
8.966400379685377686e+01
9.085878958231919000e+01
9.203285372269883169e+01
9.320817062945752696e+01
9.438474029838160106e+01
9.556256272586990974e+01
9.674163791085882735e+01
9.792196585330331970e+01
9.919723017715705282e+01
1.004739536690022135e+02
1.017521363302048769e+02
1.030317781589532586e+02
1.043128791516814005e+02
1.055954393059573420e+02
1.070047246014059539e+02
1.084157674657862316e+02
1.098285679025769923e+02
1.112431259081987633e+02
1.126594414764174559e+02
1.140775146041177095e+02
1.156289623353329858e+02
1.171825083498782050e+02
1.187381526512215402e+02
1.202958952341853802e+02
1.218557360912068930e+02
1.234176752189850106e+02
1.251323764183507876e+02
1.268495993032661886e+02
1.285693438779560722e+02
1.302916101360561925e+02
1.320163980682616796e+02
1.337437076704675576e+02
1.356524612027413639e+02
1.375642845920810657e+02
1.394791778445563182e+02
1.413971409520890177e+02
1.433181739023626164e+02
1.452422766898293673e+02
1.473828940694374126e+02
1.495272983093706785e+02
1.516754894189885476e+02
1.538274673857706887e+02
1.559832321917185141e+02
1.581427838296851860e+02
1.605629017497363122e+02
1.629877578814064236e+02
1.654173522372725245e+02
1.678516848004489646e+02
1.702907555457422575e+02
1.727345644624460306e+02
1.752642721214147059e+02
1.777990369569843381e+02
1.803388589654894076e+02
1.828837381324313753e+02
1.854336744455874566e+02
1.879886679012255684e+02
1.908623192659206040e+02
1.937423411413216456e+02
1.966287335416843121e+02
1.995214964530870247e+02
2.024206298503433175e+02
2.053261337203329333e+02
2.086473830756392829e+02
2.119769175842370146e+02
2.153147372774943449e+02
2.186608421291314812e+02
2.220152320912586106e+02
2.253779071413464692e+02
2.295843633182725512e+02
2.338037129659872733e+02
2.380359562383169987e+02
2.422810930720316946e+02
2.465391232945020761e+02
2.508100468111950647e+02
2.563086742365348982e+02
2.618285275588388004e+02
2.673696073665352060e+02
2.729319134165260152e+02
2.785154450404828026e+02
2.841202018752812251e+02
2.902194924267569149e+02
2.963437226897256096e+02
3.024928927685814415e+02
3.086670021869310858e+02
3.148660504402143943e+02
3.210900374061761795e+02
3.284914617903195335e+02
3.322052844207842099e+02
3.359278467695003769e+02
3.396591485678445110e+02
3.433991899615267016e+02
3.471479711720451746e+02
3.509054921982271367e+02
3.595225428807165144e+02
3.681852065716597053e+02
3.768934838401052616e+02
3.856473784799346163e+02
3.944468932899754918e+02
3.988637575540395801e+02
4.032920252354584250e+02
4.077316960845378162e+02
4.121827704358262849e+02
4.166452485627850137e+02
4.211191303611072385e+02
4.239804807510245155e+02
4.268464762673386872e+02
4.297171169348578701e+02
4.325924027568730139e+02
4.354723337244932395e+02
4.473438556751647184e+02
4.503239667828960364e+02
4.533089706860925503e+02
4.562988675649294805e+02
4.592936573197864050e+02
4.622933398375780030e+02
4.719466558997476682e+02
4.743678518123243748e+02
4.767921932708364352e+02
4.792196799050840923e+02
4.816503117878567082e+02
4.838086538158124768e+02
4.859694699544720038e+02
4.881327601832447272e+02
4.902985244849841706e+02
4.929561546928722464e+02
4.956175009298669352e+02
4.982825632019775526e+02
5.009513415048351135e+02
5.157250864729877549e+02
5.175797381414056417e+02
5.194361530550050929e+02
5.212943312961298261e+02
5.231542728344082889e+02
5.250159776321963818e+02
5.279062633383778120e+02
5.308007887652753425e+02
5.336995539394617936e+02
5.366025588566420765e+02
5.512860742701949448e+02
5.549737503591353516e+02
5.586681461951973233e+02
5.623692620863346292e+02
5.660770978743482829e+02
5.697916533739007718e+02
5.823428553612408223e+02
5.839171103108240004e+02
5.854925547881005059e+02
5.870691886011594534e+02
5.886470117340453498e+02
5.923433070831529221e+02
5.960461134612056640e+02
5.997554308413374429e+02
6.034712591512941344e+02
6.153715905441067662e+02
6.183570347188099277e+02
6.213466222928203706e+02
6.243403529405796917e+02
6.273382267343450849e+02
6.302938622929167423e+02
6.332535141957833957e+02
6.362171824210108753e+02
6.391848669475857605e+02
6.427176988953707450e+02
6.462562056841975391e+02
6.498003873209136145e+02
6.533502438005723434e+02
6.767769635892753968e+02
6.797224689645840954e+02
6.826717896042438269e+02
6.856249257680086657e+02
6.885818773645199826e+02
6.915426442760261807e+02
6.953086537836743446e+02
6.990808182487843396e+02
7.028591377139997576e+02
7.066436121748712367e+02
7.117898943773736846e+02
7.169475145386431905e+02
7.221164726133315526e+02
7.272967686065579755e+02
7.324884025381629726e+02
7.559732615136271079e+02
7.589249859171154640e+02
7.618802922462699598e+02
7.648391806343043982e+02
7.678016510428234369e+02
7.707677034153605291e+02
7.748742971725022244e+02
7.789877376869255841e+02
7.831080249891557514e+02
7.872351590748456829e+02
7.928007485285938856e+02
7.983787407542487244e+02
8.039691357091160171e+02
8.095719333957031267e+02
8.151871338315991125e+02
8.418019006962033473e+02
8.451480910067123204e+02
8.484985804935795386e+02
8.518533693073328550e+02
8.552124574048395971e+02
8.585758447222491441e+02
8.630422228669551714e+02
8.675161599781281438e+02
8.719976560862677388e+02
8.764867111875277033e+02
8.798664651187654044e+02
8.832504911460671337e+02
8.866387892575703518e+02
8.900313594500909176e+02
8.934282017263358284e+02
9.194440579287203263e+02
9.457077882266929691e+02
9.490081821183399597e+02
9.523124493107998205e+02
9.556205899711244456e+02
9.589326040454221811e+02
9.622484914648159702e+02
9.715216373422086917e+02
9.808249439938770138e+02
9.901584119435001412e+02
9.995220411233099185e+02
1.022763823060698769e+03
1.028602978275053601e+03
1.034453618077477131e+03
1.040315742730806733e+03
1.046189352083306630e+03
1.052074445972858257e+03
1.057221092488728573e+03
1.062376490318551532e+03
1.067540639500252610e+03
1.072713540042318073e+03
1.079060293240904684e+03
1.085420170712647860e+03
1.091793172425063176e+03
1.098179298375261396e+03
1.104578548574738988e+03
1.141300153352770849e+03
1.145920325793153097e+03
1.150547159053933001e+03
1.155180653291591625e+03
1.159820808465792879e+03
1.164467624511335316e+03
1.175047317019537559e+03
1.185661377078859687e+03
1.196309805051782860e+03
1.206992600834955283e+03
1.235469254463688458e+03
1.242626127563877390e+03
1.249798085352863609e+03
1.256985128126769041e+03
1.264187255712600972e+03
1.271404467926393409e+03
1.293600784093905759e+03
1.315938608180995743e+03
1.338417949593070261e+03
1.361038804602768323e+03
1.368937405538415760e+03
1.376853112659099679e+03
1.384785924472054148e+03
1.392735840357123379e+03
1.400702860581111281e+03
1.433170329806199106e+03
1.444890918388870659e+03
1.456647702127337197e+03
1.468440678331313620e+03
1.480269847416704351e+03
1.505570618136023086e+03
1.531035424532757133e+03
1.556664272134710245e+03
1.582457154487277194e+03
1.593206561808840434e+03
1.603984201361140549e+03
1.614790071184766475e+03
1.625624170407656720e+03
1.636486499353183490e+03
1.664526060945361451e+03
1.692752036557259089e+03
1.721164434654243223e+03
1.749763249597798676e+03
1.770761719177636678e+03
1.791859549060392510e+03
1.813056732987676696e+03
1.834353268999488591e+03
1.855749158434948868e+03
1.898336386281891009e+03
1.919775591876648832e+03
1.941311857833937893e+03
1.962945183887605936e+03
1.984675570174976201e+03
2.006503016791593154e+03
2.053427775092704906e+03
2.077056046220528970e+03
2.100794914907229213e+03
2.124644382546410725e+03
2.148604448582740133e+03
2.172675112084242755e+03
2.209741241220427582e+03
2.247066598007484117e+03
2.284651181881251887e+03
2.322494993601087572e+03
2.341514110928887931e+03
2.360598036757767204e+03
2.379746771074293974e+03
2.398960313535066689e+03
2.418238663965820251e+03
2.449959453994361866e+03
2.453936781720802628e+03
2.457916826881614725e+03
2.461899589441497938e+03
2.465885069405103422e+03
2.471959212658323395e+03
2.473478733023513996e+03
2.474998647208352850e+03
2.476518955212571200e+03
2.478039657036239987e+03
2.488148021458107451e+03
2.498273752414236696e+03
2.508416849909548546e+03
2.518577313934190443e+03
2.542872200862416776e+03
2.567265807802235031e+03
2.591758134626234551e+03
2.616349181413781025e+03
2.641038948267725573e+03
2.687533963186883739e+03
2.734375085869395662e+03
2.757925437464488823e+03
2.781562315896724158e+03
2.805285721190691220e+03
2.829095653352163936e+03
2.852992112374538920e+03
2.876975098246348807e+03
2.946930877595907987e+03
2.982180999246266765e+03
3.017612608812992221e+03
3.053225706201666526e+03
3.089020291383083077e+03
3.124996364376168458e+03
3.161153925181943578e+03
3.240191149702279745e+03
3.320081937469019067e+03
3.360347418328480671e+03
3.400826288448335163e+03
3.441518546770968442e+03
3.482424193794299299e+03
3.523543230353477611e+03
3.564875656451901250e+03
3.644864095935240130e+03
3.725639797764658397e+03
3.807202763307299392e+03
3.889552998714021214e+03
3.972690507639654243e+03
4.056615287929060742e+03
4.138891566505350966e+03
4.221910686253545464e+03
4.305672648311606281e+03
4.390177453316265201e+03
4.475425100289601687e+03
4.561415587855713966e+03
4.643544857151578071e+03
4.726340496681899822e+03
4.809802506124022329e+03
4.893930885071939883e+03
4.978725633194942930e+03
5.064186750246188240e+03
5.146504953827869940e+03
5.206978067362294496e+03
5.237336297033804840e+03
5.256223481349642498e+03
5.275141926834088736e+03
5.294091633486392311e+03
5.313072601302941621e+03
5.332084830279854941e+03
5.351128320414768496e+03
5.412742723145736818e+03
5.474682115925710605e+03
5.536946498784092910e+03
5.599535871635242074e+03
5.662450234303479192e+03
5.725689586644053634e+03
5.840191803127813728e+03
5.955744291174778482e+03
6.072347052646405245e+03
6.190000087710577645e+03
6.308703394814621788e+03
6.428456972326268442e+03
6.538360865914185524e+03
6.649134729723570672e+03
6.760778562955070811e+03
6.873292364964870103e+03
6.986676135343062015e+03
7.100929873694710295e+03
7.214946414642212403e+03
7.329816331345803519e+03
7.445539623242681046e+03
7.562116289873830283e+03
7.679546330776341165e+03
7.797829745413746423e+03
7.915300822094703108e+03
8.033601658102364127e+03
8.152732252910862371e+03
8.272692606015876663e+03
8.393482716900161904e+03
8.515102585021068080e+03
8.635225941819688160e+03
8.756147929639430004e+03
8.877868547939351629e+03
9.000387796198509022e+03
9.123705673896578446e+03
9.247822180494373242e+03
9.370484448341137977e+03
9.493916885446471497e+03
9.618119491267530975e+03
9.743092265275208774e+03
9.868835206938027113e+03
9.995348315708619339e+03
1.012993856803452763e+04
1.026538965260787518e+04
1.040170156880473041e+04
1.053887431594405280e+04
1.067690789330580810e+04
1.081580230017527356e+04
1.096251565214824222e+04
1.111017739381279716e+04
1.125878752437511685e+04
1.140834604296649923e+04
1.155885294868658275e+04
1.171030824065269007e+04
1.185975818829438867e+04
1.201012022511036230e+04
1.216139435022445105e+04
1.231358056276182651e+04
1.246667886185439420e+04
1.262068924662501558e+04
1.277203688394816345e+04
1.292425511607570843e+04
1.307734394213770611e+04
1.323130336127357987e+04
1.338613337261917513e+04
1.354183397529187641e+04
1.369285971076731767e+04
1.384469561769437132e+04
1.399734169524138997e+04
1.415079794258383481e+04
1.430506435889214845e+04
1.446014094332015520e+04
1.460068381971154486e+04
1.474188555918967359e+04
1.483416555680771853e+04
1.492672480249399268e+04
1.501956329606602594e+04
1.511268103734701253e+04
1.520607802615952824e+04
1.529975426232113387e+04
1.546911398697528239e+04
1.563937888498309621e+04
1.581054895532141745e+04
1.598262419693637821e+04
1.615560460871011674e+04
1.632949018948665980e+04
1.653059914289014341e+04
1.673290543467422322e+04
1.693640906316256951e+04
1.714111002655828997e+04
1.734700832298032765e+04
1.755410395055282424e+04
1.775167136755275351e+04
1.795031629783620883e+04
1.815003873974744420e+04
1.835083869162717747e+04
1.855271615181977177e+04
1.875567111865331754e+04
1.895293932084603512e+04
1.915121494177666318e+04
1.935049797986222256e+04
1.955078843352101103e+04
1.975208630115962660e+04
1.995439158116006001e+04
2.015354376978138680e+04
2.035366265677225238e+04
2.055474824056156285e+04
2.075680051956883108e+04
2.095981949219778471e+04
2.116380515683289195e+04
2.136499348764125898e+04
2.156711340658184054e+04
2.177016491208064690e+04
2.197414800255218506e+04
2.217906267639714133e+04
2.238490893199949278e+04
2.255970464438107956e+04
2.273516651166895099e+04
2.291129453285116688e+04
2.308808870692057098e+04
2.326554903286625631e+04
2.344367550966375347e+04
2.365223534791396742e+04
2.386170105330671868e+04
2.407207262418726168e+04
2.428335005887847365e+04
2.449553335567889008e+04
2.470862251287146501e+04
2.492233388094024122e+04
2.513694871118395167e+04
2.535246700185385271e+04
2.556888875118333817e+04
2.578621395739080981e+04
2.600444261868132890e+04
2.621857396927146328e+04
2.643356808794413519e+04
2.664942497297971931e+04
2.686614462264647591e+04
2.708372703519981587e+04
2.730217220888049997e+04
2.751347061658052189e+04
2.772557002859227214e+04
2.793847044330209246e+04
2.815217185908627289e+04
2.836667427430942553e+04
2.858197768732258919e+04
2.877525228004494056e+04
2.896916781910228383e+04
2.903417893652107887e+04
2.909926177671162441e+04
2.914433131106128712e+04
2.918943517593248544e+04
2.923457337131015447e+04
2.927974589717914932e+04
2.932495275352428507e+04
2.937019394033039134e+04
2.952003654180523517e+04
2.967025451651432013e+04
2.982084786390595764e+04
2.997181658342274750e+04
3.012316067450261835e+04
3.027488013658184354e+04
3.055260764698667117e+04
3.083158422182807044e+04
3.111180985765845617e+04
3.139328455096918697e+04
3.167600829819359205e+04
3.195998109573388501e+04
3.223493393516340802e+04
3.251104767947311848e+04
3.278832232536429365e+04
3.306675786950811744e+04
3.334635430855012237e+04
3.362711163910985488e+04
3.389459585571370553e+04
3.416312534731558844e+04
3.443270011094985239e+04
3.470332014363267808e+04
3.497498544235908048e+04
3.524769600409855047e+04
3.551451810119931906e+04
3.578233327283699327e+04
3.605114151613800641e+04
3.632094282820924855e+04
3.659173720613594196e+04
3.686352464698033873e+04
3.713247007561507780e+04
3.740238088372682250e+04
3.767325706843700755e+04
3.794509862684677501e+04
3.821790555603623943e+04
3.849167785306413134e+04
3.876446829073219851e+04
3.903821047831483156e+04
3.931290441287064459e+04
3.958855009143783536e+04
3.986514751103370509e+04
4.014269666865441104e+04
4.040999012542131095e+04
4.067816037666806369e+04
4.094720741968304355e+04
4.121713125173778099e+04
4.148793187008621317e+04
4.175960927196376724e+04
4.203207832953857724e+04
4.230542361834667827e+04
4.257964513557138707e+04
4.285474287837785232e+04
4.313071684391271992e+04
4.340756702930409665e+04
4.368165325829950598e+04
4.395659291799400671e+04
4.423238600557378231e+04
4.450903251820753940e+04
4.478653245304626762e+04
4.506488580722309416e+04
4.533603443769994919e+04
4.560798800310224033e+04
4.588074650075493992e+04
4.615430992796746432e+04
4.642867828203324461e+04
4.670385156022947922e+04
4.695958035002829274e+04
4.721600042079864943e+04
4.747311177033558488e+04
4.766961454180653527e+04
4.779226940908488905e+04
4.791508033261596574e+04
4.803804731215943320e+04
4.816117034747442085e+04
4.828444943831946875e+04
4.840788458445236756e+04
4.874922873975872790e+04
4.909176063628662087e+04
4.943548026888528693e+04
4.978038763236779778e+04
5.012648272150551929e+04
5.047376553102848266e+04
5.085422424983430392e+04
5.123609829797386919e+04
5.161938766845205828e+04
5.200409235421507765e+04
5.239021234815174103e+04
5.277774764309915918e+04
5.312309831194151047e+04
5.346956520961060596e+04
5.381714833098153031e+04
5.416584767089984962e+04
5.451566322417988704e+04
5.486659498560096836e+04
5.520425441292158212e+04
5.554294079531531315e+04
5.588265412808581459e+04
5.622339440650931647e+04
5.656516162583309779e+04
5.690795578127459885e+04
5.724831770800761296e+04
5.758968603172712028e+04
5.793206074770902342e+04
5.827544185120124166e+04
5.861982933742325986e+04
5.896522320156606293e+04
5.931322576655237935e+04
5.966224401786008093e+04
6.001227795052648435e+04
6.036332755955970060e+04
6.071539283993836580e+04
6.106847378661184484e+04
6.143163350463657116e+04
6.162926397960293980e+04
6.182720938091360586e+04
6.202546970767879975e+04
6.222404495900686015e+04
6.242293513400335360e+04
6.262214023177049967e+04
6.290718804506421293e+04
6.319287820586598536e+04
6.347921071153043158e+04
6.376618555940045917e+04
6.405380274680630828e+04
6.434206227106565348e+04
6.466403629224836914e+04
6.498680792157258838e+04
6.531037715527458931e+04
6.563474398957123049e+04
6.595990842066015466e+04
6.628587044472005800e+04
6.661133270516454650e+04
6.693758623773015279e+04
6.726463103858500835e+04
6.759246710387834173e+04
6.792109442974058038e+04
6.825051301228348166e+04
6.856679123107019404e+04
6.888379541471270204e+04
6.920152555974473944e+04
6.951998166268412024e+04
6.983916372003272409e+04
7.015907172827617615e+04
7.043058022825561056e+04
7.061469500985549530e+04
7.079904847100954794e+04
7.098364061104541179e+04
7.116847142928901303e+04
7.135354092506458983e+04
7.153884909769447404e+04
7.187466049478185596e+04
7.221125286977029464e+04
7.254862621860562649e+04
7.288678053721447941e+04
7.322571582150377799e+04
7.356543206736122374e+04
7.409040035911551968e+04
7.461722271317469131e+04
7.514589911424193997e+04
7.567642954690274200e+04
7.620881399562442675e+04
7.664108237403964449e+04
7.707456534554611426e+04
7.750926290174890892e+04
7.794517503420983849e+04
7.838230173444368120e+04
7.882064299391509849e+04
7.923573062300830497e+04
7.965190150774955691e+04
8.006915564083143545e+04
8.048749301490877406e+04
8.090691362259731977e+04
8.132741745647384960e+04
8.174580727294582175e+04
8.216526395402458729e+04
8.258578749234114366e+04
8.300737788048865332e+04
8.343003511102212360e+04
8.385375917645853769e+04
8.428379791958263377e+04
8.471492997027574165e+04
8.514715532065466687e+04
8.558047396279583336e+04
8.601488588873505068e+04
8.645039109046764497e+04
8.693714529775205301e+04
8.742525798494248011e+04
8.791472914077313908e+04
8.840555875391370500e+04
8.875302123267820571e+04
8.910116126812664152e+04
8.944997885620978195e+04
8.956432324498664821e+04
8.967874025330606673e+04
8.979322988102490490e+04
8.990779212799981178e+04
9.002242699408717453e+04
9.013713447914333665e+04
9.039577591135860712e+04
9.065478578306079726e+04
9.091416409259712964e+04
9.117391083831008291e+04
9.143402601853761007e+04
9.169450963161268737e+04
9.202474678518132714e+04
9.235557421355236147e+04
9.268699191331243492e+04
9.301899988103582291e+04
9.335159811328438809e+04
9.368478660660759488e+04
9.405151377920007508e+04
9.441895336481895356e+04
9.478710535883074044e+04
9.508387052127915376e+04
9.538109698017426126e+04
9.567878473308157118e+04
9.589471168022698839e+04
9.611088067783041333e+04
9.632729172495852981e+04
9.654394482067559147e+04
9.669359953133169620e+04
9.684336951590277022e+04
9.692133016083743132e+04
9.699932200346922036e+04
9.707734504375448159e+04
9.715539928164960293e+04
9.723348471711075399e+04
9.746943383044475922e+04
9.770566733603915782e+04
9.794218523268515128e+04
9.817898751917085610e+04
9.841607419428153662e+04
9.865344525679963408e+04
9.902492641796763928e+04
9.939710194968862925e+04
9.976997184727391868e+04
1.001435361060168216e+05
1.005177947211928404e+05
1.008927476880600298e+05
1.014550416465826711e+05
1.020188899238669110e+05
1.025842925038099347e+05
1.031512493702168140e+05
1.037197605068008852e+05
1.042898258971854229e+05
1.048370052450958756e+05
1.053856089159240655e+05
1.059356368950696924e+05
1.064870891678558837e+05
1.070399657195293403e+05
1.075942665352597687e+05
1.081040392012106022e+05
1.086150105570146552e+05
1.091271805910486291e+05
1.096405492916346848e+05
1.101551166470401513e+05
1.106708826454765658e+05
1.111777863444134709e+05
1.116858425148152601e+05
1.121950511454118096e+05
1.127054122248815547e+05
1.132169257418510242e+05
1.137295916848947672e+05
1.142564245036839129e+05
1.147844687740559748e+05
1.153137244835256279e+05
1.158441916195494996e+05
1.163758701695261552e+05
1.169087601207959378e+05
1.175228781779791316e+05
1.181385972200792457e+05
1.187559172275766177e+05
1.193748381808476697e+05
1.199953600601653452e+05
1.204875406982847780e+05
1.209807238532199699e+05
1.214749095150569919e+05
1.219700976738420432e+05
1.224662883195807517e+05
1.229634814422375057e+05
1.233317518951407692e+05
1.237005704085825419e+05
1.240699369784624869e+05
1.244398516006683058e+05
1.248103142710752145e+05
1.251813249855460308e+05
1.255784330896318861e+05
1.259761671257151174e+05
1.263745270886964136e+05
1.267735129734625079e+05
1.271731247748850874e+05
1.275731521523706324e+05
1.279738047790386336e+05
1.283750826497216622e+05
1.287769857592341141e+05
1.291795141023725009e+05
1.295826676739170944e+05
1.300401723113135813e+05
1.304984794496011891e+05
1.309575890811145946e+05
1.314175011981604330e+05
1.318782157930180838e+05
1.323397328579402238e+05
1.329238933531103248e+05
1.335093344107433804e+05
1.340960560150344972e+05
1.346840581501084671e+05
1.352733408000197669e+05
1.358639039487528498e+05
1.366079270035710942e+05
1.373539725392833061e+05
1.381020405236258230e+05
1.388521309241557610e+05
1.396042437082511606e+05
1.403583788431125868e+05
1.409844156070727040e+05
1.416118391855657101e+05
1.422406495596857276e+05
1.428708467104438168e+05
1.435024306187669572e+05
1.441354012654966791e+05
1.448058664433889498e+05
1.454778804828579887e+05
1.460187184400159167e+05
1.465605554205740918e+05
1.471033914125728479e+05
1.476472264039920410e+05
1.481920603827630403e+05
1.487497294947640330e+05
1.493084413221796858e+05
1.498681958520156622e+05
1.504289930712165951e+05
1.509908329666710924e+05
1.515537155252208759e+05
1.522118674785253534e+05
1.528714391671223857e+05
1.535324305698553799e+05
1.541948416654707980e+05
1.548586724326231051e+05
1.555239228498774173e+05
1.562139486687700264e+05
1.569054951903784822e+05
1.575985623906216933e+05
1.582931502453110879e+05
1.589892587301515159e+05
1.596868878207404341e+05
1.602644612366023939e+05
1.608430727592036419e+05
1.614227223746109521e+05
1.620034100688407198e+05
1.625851358278589614e+05
1.631678996375805873e+05
1.637846476213962305e+05
1.644025539754402998e+05
1.649029724961495085e+05
1.654041481744549819e+05
1.659060810014295857e+05
1.664087709681139386e+05
1.669122180655199627e+05
1.674550373259548796e+05
1.679987340068602643e+05
1.685433080969239236e+05
1.690887595847922494e+05
1.696350884590719652e+05
1.701822947083335312e+05
1.708826788699016324e+05
1.715844950819545484e+05
1.722877433203963155e+05
1.729924235610285541e+05
1.736985357795527671e+05
1.744060799515721155e+05
1.752531189009235241e+05
1.761022009311173751e+05
1.769533260000091977e+05
1.778064940652474179e+05
1.786617050842742028e+05
1.795189590143256646e+05
1.802615774979708658e+05
1.810057222031157289e+05
1.817513931017686846e+05
1.824985901658227958e+05
1.832473133670546231e+05
1.839975626771235839e+05
1.847289249357080262e+05
1.854617315770417918e+05
1.861959825747082359e+05
1.869316779021854163e+05
1.876688175328453362e+05
1.884074014399539155e+05
1.891951662414798338e+05
1.899845673910146288e+05
1.907756048559179762e+05
1.915682786034122109e+05
1.923625886005816865e+05
1.931585348143729498e+05
1.942745682289229590e+05
1.953938025113424810e+05
1.962706718744116079e+05
1.971494958628730383e+05
1.980302744324816740e+05
1.989130075387971883e+05
1.997976951371808536e+05
2.006843371827916708e+05
2.013526597760258592e+05
2.020220884991751518e+05
2.026926233329201059e+05
2.033642642578771629e+05
2.040370112545976299e+05
2.047108643035673886e+05
2.054492369290301867e+05
2.061889329479855078e+05
2.069299523346152273e+05
2.076722950630155101e+05
2.082704068721265066e+05
2.088693749628572259e+05
2.094691993215926923e+05
2.100698799346745946e+05
2.106714167884056806e+05
2.114213759915673581e+05
2.121726618083059147e+05
2.129252742119560717e+05
2.136792131757503957e+05
2.144344786728225299e+05
2.151910706762120535e+05
2.163383028773534170e+05
2.174885714495726570e+05
2.186418762982466433e+05
2.195741397745043505e+05
2.205083776860614889e+05
2.214445899825649976e+05
2.223827766134490375e+05
2.233229375279305677e+05
2.242650726750066679e+05
2.251286766871348955e+05
2.259939328086194582e+05
2.268608409999332507e+05
2.277294012213960232e+05
2.285996134331727226e+05
2.294714775952741038e+05
2.303582360678256664e+05
2.312466968248131161e+05
2.321368598239129060e+05
2.330287250226361793e+05
2.339222923783285078e+05
2.348175618481695128e+05
2.358405106707634113e+05
2.368656725882225146e+05
2.378930475362648431e+05
2.389226354503250623e+05
2.399544362655540463e+05
2.409884499168184120e+05
2.420283474931927631e+05
2.430704734635704081e+05
2.441148277612574166e+05
2.451614103192684124e+05
2.462102210703268938e+05
2.472612599468640692e+05
2.481598719657197362e+05
2.490601062331937719e+05
2.499619627067982510e+05
2.508654413438894844e+05
2.517705421016675245e+05
2.526772649371752632e+05
2.535877792367518705e+05
2.544999232775843411e+05
2.554136970159314515e+05
2.563291004078918195e+05
2.572461334094045160e+05
2.581647959762482787e+05
2.592356302285516576e+05
2.603086700141250330e+05
2.613839152625111747e+05
2.624613659029568080e+05
2.635410218644116540e+05
2.646228830755283707e+05
2.658148319623572752e+05
2.670094461348748882e+05
2.682067254970235517e+05
2.694066699523061397e+05
2.706092794037865824e+05
2.718145537540885853e+05
2.728473012040663161e+05
2.738819970986981061e+05
2.749186413763293531e+05
2.759572339750683750e+05
2.769977748327858862e+05
2.780402638871137751e+05
2.790804533698166488e+05
2.801225751252608607e+05
2.811666290911274264e+05
2.822126152048607473e+05
2.832605334036680288e+05
2.843103836245192797e+05
2.855434925392182777e+05
2.867792560289508547e+05
2.880176739909416647e+05
2.892587463219625643e+05
2.905024729183313320e+05
2.917488536759117851e+05
2.929406959087966825e+05
2.941349548511803732e+05
2.953316304114104714e+05
2.965307224974545534e+05
2.977322310168993426e+05
2.989361558769491967e+05
3.000250765201905742e+05
3.011159662419175147e+05
3.022088249730376410e+05
3.033036526442101458e+05
3.044004491858480615e+05
3.054879895681539783e+05
3.065774586974476115e+05
3.076688565055172076e+05
3.087621829238919308e+05
3.098574378838471021e+05
3.109546213164111832e+05
3.122049754552898230e+05
3.134578245200700476e+05
3.147131684080727864e+05
3.159710070161951007e+05
3.172313402409137925e+05
3.184941679782866267e+05
3.198048501265206723e+05
3.211182084252476343e+05
3.224342427575133042e+05
3.237529530058734235e+05
3.250743390523937414e+05
3.263984007786478032e+05
3.276776619460772490e+05
3.289594106874855934e+05
3.302436468953715521e+05
3.315303704618177726e+05
3.325567036569684278e+05
3.335846137514601578e+05
3.346141006902285153e+05
3.356451644180274452e+05
3.366778048794407514e+05
3.378013703721398488e+05
3.389267964198120753e+05
3.400540829507305752e+05
3.411832298929141834e+05
3.423142371741317329e+05
3.434471047219106695e+05
3.454220645390311256e+05
3.469005545205184608e+05
3.483821826572028222e+05
3.498669487874468905e+05
3.513548527489132248e+05
3.528458943785632728e+05
3.543400735126481159e+05
3.555135594142127666e+05
3.566889731464140932e+05
3.578663146294352482e+05
3.590455837831876124e+05
3.602267805273262202e+05
3.614960718707359629e+05
3.627675813466230175e+05
3.640413088547635125e+05
3.653172542945612804e+05
3.665954175650575780e+05
3.678757985649376642e+05
3.693933308286402607e+05
3.709139663792314823e+05
3.724377050470028771e+05
3.739645466615275946e+05
3.754944910516641103e+05
3.770275380455533741e+05
3.784995351829327410e+05
3.799743811239040224e+05
3.814520757153618033e+05
3.829326188035890809e+05
3.844160102342560422e+05
3.859022498524166876e+05
3.876104382161257090e+05
3.889406980950627476e+05
3.902732211346059921e+05
3.916080072232260136e+05
3.929450562489915174e+05
3.942843680995852919e+05
3.956334622176339617e+05
3.969848443474017549e+05
3.983385143734920421e+05
3.996944721800866537e+05
4.010527176509496057e+05
4.024132506694418262e+05
4.045798777419443359e+05
4.062694036928651039e+05
4.079624246835156227e+05
4.096589404897296918e+05
4.113589508863858646e+05
4.130624556474048877e+05
4.147694545457421918e+05
4.163603560418362613e+05
4.179542802111001220e+05
4.195512268685466261e+05
4.211511958284592256e+05
4.224015697603939916e+05
4.236537831414052634e+05
4.249078358823561575e+05
4.261637278938380186e+05
4.274214590861837496e+05
4.289571290487894439e+05
4.304955316948890686e+05
4.320366668604019214e+05
4.335805343806298915e+05
4.351271340902741067e+05
4.366764658234340022e+05
4.385339014706981252e+05
4.403952480877566268e+05
4.422605053869262338e+05
4.441296730792640010e+05
4.460027508745677769e+05
4.478797384813674144e+05
4.499126680393047864e+05
4.513321055143087870e+05
4.527537603648600052e+05
4.541776324643694679e+05
4.556037216858279426e+05
4.570320279018481961e+05
4.585237161377790617e+05
4.600178145624128520e+05
4.615143230299086426e+05
4.630132413939193357e+05
4.645145695076027187e+05
4.660183072236294392e+05
4.686468876233792398e+05
4.706178790227197460e+05
4.725929709570109262e+05
4.745721630933113047e+05
4.765554550972376601e+05
4.785428466329545481e+05
4.805343373631664435e+05
4.826183515546940034e+05
4.842853363665343495e+05
4.859551695904120570e+05
4.876278510275951703e+05
4.893033804786463152e+05
4.909817577434613486e+05
4.926304298989096424e+05
4.942818403607942164e+05
4.959359889384236303e+05
4.975928754404271021e+05
4.992524996747516561e+05
5.009148614486778970e+05
5.037745298215694493e+05
5.056370587772975559e+05
5.075029921195282950e+05
5.093723295763293281e+05
5.112450708747312310e+05
5.131212157407162013e+05
5.150007638992127031e+05
5.173962545312996954e+05
5.190270734575239476e+05
5.206604335548373056e+05
5.222963346428463701e+05
5.239347765405682730e+05
5.255757590664789313e+05
5.273076527954716003e+05
5.290423670623126673e+05
5.307799016525016632e+05
5.325202563507872401e+05
5.342634309411770664e+05
5.360094252069443464e+05
5.386254894616920501e+05
5.407333901809230447e+05
5.428453652226609411e+05
5.449614142040854786e+05
5.470815367408086313e+05
5.492057324468621518e+05
5.513340009347067680e+05
5.537154345621785615e+05
5.555196685182758374e+05
5.573268059534146450e+05
5.591368466304265894e+05
5.609497903113551438e+05
5.627656367574973265e+05
5.646576828148291679e+05
5.665528695880514570e+05
5.684511968056807527e+05
5.703526641952660866e+05
5.722572714833870996e+05
5.741650183956571855e+05
5.766445279429859947e+05
5.791293199938525213e+05
5.816193939419754315e+05
5.836329184622182511e+05
5.856498827231554314e+05
5.876702864021809073e+05
5.896941291755167767e+05
5.917214107181403087e+05
5.937521307038100203e+05
5.958163054251814028e+05
5.978840200470874552e+05
5.999552742249893490e+05
6.020300676129779313e+05
6.041083998639016645e+05
6.061902706294769887e+05
6.092925443327907706e+05
6.124026403100107564e+05
6.147292507081045769e+05
6.170602183765120571e+05
6.193955428296016762e+05
6.217352235805700766e+05
6.240792601363932481e+05
6.264276520017489092e+05
6.288431115766380681e+05
6.312631604551248020e+05
6.331264141135913087e+05
6.349923785674808314e+05
6.368610535697529558e+05
6.387324388728326885e+05
6.406065342284318758e+05
6.429517112494749017e+05
6.453011173346647993e+05
6.476547519944994710e+05
6.500126147376385052e+05
6.523747050708617317e+05
6.547410224990135757e+05
6.571468570294352248e+05
6.595570443008366274e+05
6.619715837895661825e+05
6.643904749699304812e+05
6.668137173141796375e+05
6.692413102925042622e+05
6.715618330489041982e+05
6.738863162961036433e+05
6.762147595685151173e+05
6.785471623988306383e+05
6.808835243180170655e+05
6.832238448553133057e+05
6.869610633079465479e+05
6.899106062651517568e+05
6.928663767355559394e+05
6.958283737725447863e+05
6.987965964251640253e+05
7.011797504628815223e+05
7.035669015012616292e+05
7.059580490448308410e+05
7.083531925963090034e+05
7.107523316566040739e+05
7.131554657248050207e+05
7.154261472293748520e+05
7.177003831309027737e+05
7.199781730043956777e+05
7.222595164234093390e+05
7.245444129600443412e+05
7.268328621849428164e+05
7.298736146715916693e+05
7.329206152445621556e+05
7.359738628901068587e+05
7.390333565899168607e+05
7.420990953211106826e+05
7.451710780562218279e+05
7.480166871589187067e+05
7.508676313395057805e+05
7.531266855996060185e+05
7.553890775217748014e+05
7.576548066960835131e+05
7.599238727112557972e+05
7.621962751546750078e+05
7.651049552060319111e+05
7.680190819030022249e+05
7.709386543750772253e+05
7.738636717481293017e+05
7.767941331444092793e+05
7.797300376825629501e+05
7.824731395408047829e+05
7.852209746379428543e+05
7.879735422504253220e+05
7.907308416519350139e+05
7.934928721133897780e+05
7.962596329029337503e+05
7.990337480377835454e+05
8.018126009815169964e+05
8.045961909918038873e+05
8.073845173235011753e+05
8.101775792286453070e+05
8.129753759564462816e+05
8.162618605082582217e+05
8.195548521834865678e+05
8.228543497569573810e+05
8.261603519980944693e+05
8.294728576709020417e+05
8.327918655339519028e+05
8.360552182808741927e+05
8.386203681201415602e+05
8.411893715833037859e+05
8.437622280944106169e+05
8.463389370755699929e+05
8.489194979469503742e+05
8.521765073038287228e+05
8.554396299018715508e+05
8.587088645679939073e+05
8.619842101241403725e+05
8.652656653872841271e+05
8.685532291694360320e+05
8.715626487814543070e+05
8.745771669559351867e+05
8.775967827755325707e+05
8.806214953193954425e+05
8.836513036631644936e+05
8.866862068789617624e+05
8.898109259310563793e+05
8.929410255405616481e+05
8.960765046882200986e+05
8.992173623508044984e+05
9.023635975011064438e+05
9.055152091079256497e+05
9.088803188225358026e+05
9.122515341204064898e+05
9.156288537378020119e+05
9.190122764057767345e+05
9.224018008501607692e+05
9.257974257915449562e+05
9.289019064545391593e+05
9.320114668126257602e+05
9.351261058816089062e+05
9.382458226736172801e+05
9.413706161970953690e+05
9.445004854567925213e+05
9.495276271261149086e+05
9.533436964118977776e+05
9.571672395391212776e+05
9.609982546946936054e+05
9.648367400573759805e+05
9.686826937977568014e+05
9.725361140782233560e+05
9.753267510312771192e+05
9.781212891971839126e+05
9.809197278733868152e+05
9.837220663550646277e+05
9.865283039351500338e+05
9.900880344859232428e+05
9.936540168178380700e+05
9.972262494787134929e+05
1.000804731010429445e+06
1.004389459948940435e+06
1.007980434824285214e+06
1.011453118078620057e+06
1.014931619926669286e+06
1.018415939029946690e+06
1.021906074044745998e+06
1.025402023622134933e+06
1.028903786407933803e+06
1.032546233465999947e+06
1.036194945990559645e+06
1.039849922447206452e+06
1.043511161295362515e+06
1.047178660988258081e+06
1.050852419972914271e+06
1.054576030580512714e+06
1.058306046307738638e+06
1.062042465526284417e+06
1.065785286601257278e+06
1.069534507891156012e+06
1.073290127747853985e+06
1.076904986797852674e+06
1.080525751014087116e+06
1.084152418916828232e+06
1.087784989020631416e+06
1.091423459834318841e+06
1.095067829860961763e+06
1.099361272731441772e+06
1.103662869986131089e+06
1.107972619159539230e+06
1.112290517775038024e+06
1.116616563344820868e+06
1.120950753369866870e+06
1.124699662012848305e+06
1.128454639233422000e+06
1.132215683402504306e+06
1.135982792884713970e+06
1.139755966038368409e+06
1.145019536940961145e+06
1.150294854988268344e+06
1.154283361704114592e+06
1.158278552920692600e+06
1.162280426690560766e+06
1.166288981058426201e+06
1.170304214061109349e+06
1.174326123727493919e+06
1.177799179071855266e+06
1.181277195047297515e+06
1.184760170376150869e+06
1.188248103776314529e+06
1.191740993961242028e+06
1.195238839639931219e+06
1.200295896493928274e+06
1.205363269116028911e+06
1.209447785953898448e+06
1.213538975844918052e+06
1.217636836724519031e+06
1.221741366519873496e+06
1.225852563149867812e+06
1.229970424525069771e+06
1.233708240168531658e+06
1.237451526931725675e+06
1.241200283241378376e+06
1.244954507518540835e+06
1.248714198178563965e+06
1.252479353631088510e+06
1.257124104899645317e+06
1.261777140240298584e+06
1.266438456645930884e+06
1.271108051096106879e+06
1.275785920557024190e+06
1.280472061981466366e+06
1.284708897746131988e+06
1.288952467894020025e+06
1.293202770156014943e+06
1.297459802253976231e+06
1.301723561900705332e+06
1.305994046799918637e+06
1.311017383675660240e+06
1.316049987333881436e+06
1.321091854007965652e+06
1.326142979913769057e+06
1.331203361249547219e+06
1.336272994195894338e+06
1.340687113619014621e+06
1.345108217543208739e+06
1.349536303427406587e+06
1.353971368720309343e+06
1.358413410860350123e+06
1.362862427275658119e+06
1.367953159977660049e+06
1.373052986147427466e+06
1.378161901901597390e+06
1.383279903339003213e+06
1.388406986540605314e+06
1.393543147569418186e+06
1.398172180715758121e+06
1.402808556777235819e+06
1.407452272848618682e+06
1.412103326012735954e+06
1.416761713340435643e+06
1.421427431890543085e+06
1.426533194870591164e+06
1.431647700989422388e+06
1.436770946362073068e+06
1.441902927086187294e+06
1.447043639241949655e+06
1.452193078892014921e+06
1.457068559617157094e+06
1.461951831297595752e+06
1.466842890564494301e+06
1.471741734034804162e+06
1.476648358311211923e+06
1.481562759982083226e+06
1.486697718712095870e+06
1.491841133584442548e+06
1.496993000675819581e+06
1.502153316045700572e+06
1.507322075736260507e+06
1.512499275772314984e+06
1.517665050839673961e+06
1.522839193848005962e+06
1.528021700815778226e+06
1.533212567744083237e+06
1.538411790616569342e+06
1.543619365399364149e+06
1.548807112964678090e+06
1.554003114514234941e+06
1.559207366027149139e+06
1.564419863465117058e+06
1.569640602772340178e+06
1.574869579875459662e+06
1.580424629073028220e+06
1.585988935897195712e+06
1.591562495422445238e+06
1.597145302700659493e+06
1.602737352761019021e+06
1.608338640609900933e+06
1.613860561644805130e+06
1.619391421579625923e+06
1.624931215588088613e+06
1.630479938822188647e+06
1.636037586412084755e+06
1.641655883704566164e+06
1.647283261821702356e+06
1.652919715688415570e+06
1.658565240206492599e+06
1.664219830254493514e+06
1.669883480687684612e+06
1.675732967800447717e+06
1.681592077138341032e+06
1.687460802982343594e+06
1.693339139586659614e+06
1.699227081178573659e+06
1.705171357503761072e+06
1.711125379666497931e+06
1.717089141672007972e+06
1.723062637497122865e+06
1.729045861090160208e+06
1.735038806370835053e+06
1.741822301349833608e+06
1.748618192469360307e+06
1.753957985704601277e+06
1.759305397498172708e+06
1.764660423512414796e+06
1.770023059391418006e+06
1.775393300760999555e+06
1.782818454735238804e+06
1.790258079405883327e+06
1.796036060463943519e+06
1.801822727493814658e+06
1.807618075000935001e+06
1.813422097466095584e+06
1.819234789345309604e+06
1.825056145069662947e+06
1.830789709319045302e+06
1.836531642571833450e+06
1.842281939459553920e+06
1.848040594589984277e+06
1.853807602547030896e+06
1.859582957890612772e+06
1.866521286284205504e+06
1.873471606820765184e+06
1.880433909974416485e+06
1.885946383002307732e+06
1.891466333924051607e+06
1.896993757965811295e+06
1.902528650333600584e+06
1.908071006213249406e+06
1.915386146502530901e+06
1.922714228506644955e+06
1.930055241046103649e+06
1.937409172879121266e+06
1.944776012701284140e+06
1.952155749145237962e+06
1.958870091404249892e+06
1.965595055956717115e+06
1.972330634147126926e+06
1.979076817276060116e+06
1.985833596599953482e+06
1.992600963330844650e+06
2.000102498701731674e+06
2.007616977682531346e+06
2.015144388169963844e+06
2.021002814900578000e+06
2.026869037557049189e+06
2.032743050373939564e+06
2.038624847560448805e+06
2.044514423300346127e+06
2.051953384946400300e+06
2.059404698107672622e+06
2.066868350941589568e+06
2.074344331539630890e+06
2.081832627926948713e+06
2.089333228061998729e+06
2.096828034300672822e+06
2.104335061030693352e+06
2.111854296096059028e+06
2.119385727272895630e+06
2.126929342269013170e+06
2.134485128723455593e+06
2.143018403386354912e+06
2.149818918631358538e+06
2.156629197712547611e+06
2.163449231506651267e+06
2.170279010844313540e+06
2.177118526509821881e+06
2.185207245602394454e+06
2.193309512016446795e+06
2.201425310326069593e+06
2.209554625012694392e+06
2.217697440464419778e+06
2.225853740975379478e+06
2.233607337862872984e+06
2.241373054127251264e+06
2.249150876102564391e+06
2.256940790044293273e+06
2.264742782128795050e+06
2.272556838452722877e+06
2.281920397227997892e+06
2.289361080357256345e+06
2.296812589673350099e+06
2.304274913005828857e+06
2.311748038117031101e+06
2.319231952701624017e+06
2.327569282315877266e+06
2.335919929344511591e+06
2.344283876552234869e+06
2.352661106596861966e+06
2.361051602028482128e+06
2.369455345288630109e+06
2.377906716085211840e+06
2.386371407315126620e+06
2.394849400868008379e+06
2.403340678519352805e+06
2.411845221929575782e+06
2.420363012643019203e+06
2.430952983074198011e+06
2.438674460506780073e+06
2.446406702387448400e+06
2.454149694748860318e+06
2.461903423542799428e+06
2.469667874639574438e+06
2.478843813486320898e+06
2.488034639148992486e+06
2.497240327965978999e+06
2.506460856111919042e+06
2.515696199596160557e+06
2.524946334261216223e+06
2.535269041192920413e+06
2.545610042220061645e+06
2.555969303192106541e+06
2.564229705360614229e+06
2.572501641943849158e+06
2.580785095340930391e+06
2.589080047840033658e+06
2.597386481617349666e+06
2.605704378736050334e+06
2.618588923322667368e+06
2.628162702305844985e+06
2.637751470353393350e+06
2.647355199573681690e+06
2.656973861868475564e+06
2.666607428930627182e+06
2.676255872241725214e+06
2.686887987318861298e+06
2.697538034996933769e+06
2.708205976392502431e+06
2.718891772297439165e+06
2.729595383174739312e+06
2.740316769154250156e+06
2.749529490628467407e+06
2.758755241270553321e+06
2.767993995299336966e+06
2.777245726744070183e+06
2.786510409442233853e+06
2.795788017037275247e+06
2.808677860401858576e+06
2.817963293514217250e+06
2.827261497766815592e+06
2.836572446125495248e+06
2.845896111351201311e+06
2.855232465997510124e+06
2.865348130257561803e+06
2.875478581078989431e+06
2.885623782858687453e+06
2.895783699694070499e+06
2.905958295379024465e+06
2.916147533399706706e+06
2.929230728379072156e+06
2.939820323658438399e+06
2.950425498520081397e+06
2.961046210835653823e+06
2.971682418094070628e+06
2.982334077395603061e+06
2.993001145445739850e+06
3.007796528244870249e+06
3.019030118429506198e+06
3.030280512599231675e+06
3.041547658585091121e+06
3.052831503695141990e+06
3.064131994705236517e+06
3.075449077849513851e+06
3.092905321726857219e+06
3.104643017755213659e+06
3.116398219903615769e+06
3.128170865964473691e+06
3.139960893045550212e+06
3.151768237556274049e+06
3.163592835193503182e+06
3.177423881346172187e+06
3.188609783830597531e+06
3.199810848479579203e+06
3.211027018788994290e+06
3.222258237628277857e+06
3.233504447227416094e+06
3.244765589163447730e+06
3.258624794462064281e+06
3.272506350225886330e+06
3.283663907405791339e+06
3.294835730776411947e+06
3.306021760624439456e+06
3.317221936524816789e+06
3.328436197324257344e+06
3.339664481124076527e+06
3.352203346777591389e+06
3.364759488129133824e+06
3.377332815866260324e+06
3.389923239398994017e+06
3.402530666823305655e+06
3.415155004882884677e+06
3.427915952560647856e+06
3.440693937384363264e+06
3.453488858971951529e+06
3.466300615356491413e+06
3.479129102934796363e+06
3.491974216413194779e+06
3.508211511201045476e+06
3.520099052023403347e+06
3.532000455778296571e+06
3.543915633699631784e+06
3.555844495556618553e+06
3.567786949602505192e+06
3.579742902520000935e+06
3.596014039632805623e+06
3.612309693222704809e+06
3.628629613809139468e+06
3.644973545507657807e+06
3.661341225665974896e+06
3.672809377407514956e+06
3.684288932743972167e+06
3.695779795107920188e+06
3.707281865945057943e+06
3.718795044621886685e+06
3.730319228325608186e+06
3.740468944972007535e+06
3.750627028441089671e+06
3.760793404082816094e+06
3.770967995670137461e+06
3.781150725322198588e+06
3.791341513421230949e+06
3.800073757757880725e+06
3.808811798384222202e+06
3.817555581970805768e+06
3.826305054052846506e+06
3.835060158973463811e+06
3.843820839822056238e+06
3.851136479312331416e+06
3.858455927365951706e+06
3.865779148686628789e+06
3.873106107236122712e+06
3.880436766197020654e+06
3.887771087932297029e+06
3.893931128929846454e+06
3.900093700978950597e+06
3.906258780332364608e+06
3.912426342745632399e+06
3.918596363451906946e+06
3.924768817134581972e+06
3.929959963210787624e+06
3.935152794910398778e+06
3.940347296192008536e+06
3.945543450678074267e+06
3.950741241637694184e+06
3.955940651967857499e+06
3.960312799518048763e+06
3.964686068500906229e+06
3.969060448079691734e+06
3.973435927189633250e+06
3.977812494526082184e+06
3.982190138531601056e+06
3.985867356391019188e+06
3.989545318115714472e+06
3.993224016401853878e+06
3.996903443790869787e+06
4.000583592661289964e+06
4.004264455219844822e+06
4.007657448366304394e+06
4.011051034553248901e+06
4.014445207247539889e+06
4.017839959761410952e+06
4.021235285243269987e+06
4.024631176667571068e+06
4.027194602248683572e+06
4.029758342941545416e+06
4.032322395504705142e+06
4.034886756625777110e+06
4.037451422917526215e+06
4.040016390913555864e+06
4.042109458593845367e+06
4.044202722799568903e+06
4.046296181517099962e+06
4.048389832689159084e+06
4.050483674212420359e+06
4.052577703934880439e+06
4.054311448427335825e+06
4.056045319120697677e+06
4.057779314709414262e+06
4.059513433859481476e+06
4.061247675206860993e+06
4.062982037355750334e+06
4.064412716822812334e+06
4.065843476688286290e+06
4.067274316114358604e+06
4.068705234244883060e+06
4.070136230204357300e+06
4.071567303096806630e+06
4.072743905167117249e+06
4.073920558096356224e+06
4.075097261351881549e+06
4.076274014389373828e+06
4.077450816652179230e+06
4.078627667570590973e+06
4.079593195212532301e+06
4.080558754880592693e+06
4.081524346238194499e+06
4.082489968941371888e+06
4.083455622638357803e+06
4.084421306969122030e+06
4.085212447130240034e+06
4.086003607396118809e+06
4.086794787554952316e+06
4.087585987390286755e+06
4.088377206680749543e+06
4.089168445199768525e+06
4.089816046806619968e+06
4.090463661008351948e+06
4.091111287672048435e+06
4.091758926661874633e+06
4.092406577838914003e+06
4.093054241060982458e+06
4.093583997476365417e+06
4.094113761771230027e+06
4.094643533862323035e+06
4.095173313664562069e+06
4.095703101090933662e+06
4.096232896052381024e+06
4.096666064416861162e+06
4.097099237706429325e+06
4.097532415868999902e+06
4.097965598851348739e+06
4.098398786599037703e+06
4.098831979056354146e+06
4.099186068637896795e+06
4.099540161296065431e+06
4.099894256998301484e+06
4.100248355711333919e+06
4.100602457401135936e+06
4.100956562032883056e+06
4.101245954002434388e+06
4.101535347893147264e+06
4.101824743684682529e+06
4.102114141356253996e+06
4.102403540886605158e+06
4.102692942253977992e+06
4.102929427046787459e+06
4.103165913038922474e+06
4.103402400217680261e+06
4.103638888570079114e+06
4.103875378082845826e+06
4.104111868742390070e+06
4.104305101485841442e+06
4.104498334977855906e+06
4.104691569210503716e+06
4.104884804175678641e+06
4.105078039865095634e+06
4.105271276270269882e+06
4.105429157496266533e+06
4.105587039189421106e+06
4.105744921344782226e+06
4.105902803957290016e+06
4.106060687021773309e+06
4.106218570532936137e+06
4.106347561801696662e+06
4.106476553361969069e+06
4.106605545210661832e+06
4.106734537344619632e+06
4.106863529760612641e+06
4.106992522455337923e+06
4.107097906668399926e+06
4.107203291063355282e+06
4.107308675638277084e+06
4.107414060391194187e+06
4.107519445320089813e+06
4.107624830422904808e+06
4.107710925830670632e+06
4.107797021351925563e+06
4.107883116985468194e+06
4.107969212730067316e+06
4.108055308584467042e+06
4.108141404547378886e+06
4.108211740324086975e+06
4.108282076171601657e+06
4.108352412089172285e+06
4.108422748076033313e+06
4.108493084131400101e+06
4.108563420254467521e+06
4.108620880357566755e+06
4.108678340504843742e+06
4.108735800695827231e+06
4.108793260930039454e+06
4.108850721206991468e+06
4.108908181526181754e+06
4.108955122465211432e+06
4.109002063431801740e+06
4.109049004425660707e+06
4.109095945446488447e+06
4.109142886493979953e+06
4.109189827567823697e+06
4.109228174750799779e+06
4.109266521950969007e+06
4.109304869168150239e+06
4.109343216402157675e+06
4.109381563652798533e+06
4.109419910919880029e+06
4.109451237449077424e+06
4.109482563989001792e+06
4.109513890539538115e+06
4.109545217100569978e+06
4.109576543671981897e+06
4.109607870253648609e+06
4.109633461345987394e+06
4.109659052445017733e+06
4.109684643550668377e+06
4.109710234662867617e+06
4.109735825781540480e+06
4.109761416906612460e+06
4.109782322553576436e+06
4.109803228204715066e+06
4.109824133859983180e+06
4.109845039519337006e+06
4.109865945182729047e+06
4.109886850850113202e+06
4.109903928849266376e+06
4.109921006851024460e+06
4.109938084855358116e+06
4.109955162862240802e+06
4.109972240871643182e+06
4.109989318883535918e+06
4.110003270008597057e+06
4.110017221135283355e+06
4.110031172263577115e+06
4.110045123393460643e+06
4.110059074524915777e+06
4.110073025657923892e+06
4.110084422395914327e+06
4.110095819134918042e+06
4.110107215874924324e+06
4.110118612615922000e+06
4.110130009357900824e+06
4.110141406100848690e+06
4.110150716133299284e+06
4.110160026166382246e+06
4.110169336200091988e+06
4.110178646234418266e+06
4.110187956269358750e+06
4.110197266304902267e+06
4.110204871690414846e+06
4.110212477076321840e+06
4.110220082462619059e+06
4.110227687849302310e+06
4.110235293236367404e+06
4.110242898623808753e+06
4.110249111472200602e+06
4.110255324320837855e+06
4.110261537169719115e+06
4.110267750018840656e+06
4.110273962868200149e+06
4.110280175717796199e+06
4.110285250996035989e+06
4.110290326274429914e+06
4.110295401552976109e+06
4.110300476831671782e+06
4.110305552110515535e+06
4.110310627389506437e+06
4.110314773384627420e+06
4.110318919379843865e+06
4.110323065375155769e+06
4.110327211370561272e+06
4.110331357366058510e+06
4.110335503361647949e+06
4.110338890223247930e+06
4.110342277084907051e+06
4.110345663946625777e+06
4.110349050808402710e+06
4.110352437670236919e+06
4.110355824532129336e+06
4.110358591256044805e+06
4.110361357979997527e+06
4.110364124703987036e+06
4.110366891428012867e+06
4.110369658152074553e+06
4.110372424876172561e+06
4.110374685009047389e+06
4.110376945141946431e+06
4.110379205274867825e+06
4.110381465407812037e+06
4.110383725540778600e+06
4.110385985673767049e+06
4.110387831973296124e+06
4.110389678272839170e+06
4.110391524572398048e+06
4.110393370871969964e+06
4.110395217171554919e+06
4.110397063471155241e+06
4.110398571710288059e+06
4.110400079949429259e+06
4.110401588188579306e+06
4.110403096427737735e+06
4.110404604666905478e+06
4.110406112906082068e+06
4.110407344982695766e+06
4.110408577059315052e+06
4.110409809135939926e+06
4.110411041212570388e+06
4.110412273289206438e+06
4.110413505365848076e+06
4.110414511846790556e+06
4.110415518327735830e+06
4.110416524808685761e+06
4.110417531289638486e+06
4.110418537770595402e+06
4.110419544251555111e+06
4.110420366443603765e+06
4.110421188635654282e+06
4.110422010827708058e+06
4.110422833019764163e+06
4.110423655211821664e+06
4.110424477403880563e+06
4.110425149051477667e+06
4.110425820699076168e+06
4.110426492346676532e+06
4.110427163994277827e+06
4.110427835641880520e+06
4.110428507289484143e+06
4.110429055957054254e+06
4.110429604624624830e+06
4.110430153292196803e+06
4.110430701959768776e+06
4.110431250627342612e+06
4.110431799294916913e+06
4.110432247498700861e+06
4.110432695702486206e+06
4.110433143906270619e+06
4.110433592110055964e+06
4.110434040313842241e+06
4.110434488517629914e+06
4.110434854653816205e+06
4.110435220790003426e+06
4.110435586926191114e+06
4.110435953062378336e+06
4.110436319198566489e+06
4.110436685334755108e+06
4.110436984431445133e+06
4.110437283528136089e+06
4.110437582624827512e+06
4.110437881721518002e+06
4.110438180818209890e+06
4.110438479914901312e+06
4.110438724246325437e+06
4.110438968577750493e+06
4.110439212909176480e+06
4.110439457240601070e+06
4.110439701572026126e+06
4.110439945903451182e+06
4.110440145497455727e+06
4.110440345091460738e+06
4.110440544685465284e+06
4.110440744279469363e+06
4.110440943873474374e+06
4.110441143467478454e+06
4.110441306515651755e+06
4.110441469563824590e+06
4.110441632611996960e+06
4.110441795660169329e+06
4.110441958708342630e+06
4.110442121756515466e+06
4.110442254948852584e+06
4.110442388141190168e+06
4.110442521333528217e+06
4.110442654525865801e+06
4.110442787718203384e+06
4.110442920910540968e+06
4.110443029715720564e+06
4.110443138520900160e+06
4.110443247326080687e+06
4.110443356131260749e+06
4.110443464936440811e+06
4.110443573741620872e+06
4.110443662624094635e+06
4.110443751506568398e+06
4.110443840389042161e+06
4.110443929271515924e+06
4.110444018153989688e+06
4.110444107036463451e+06
4.110444179644013755e+06
4.110444252251565456e+06
4.110444324859114829e+06
4.110444397466665134e+06
4.110444470074215438e+06
4.110444542681765277e+06
4.110444601995565929e+06
4.110444661309366580e+06
4.110444720623167232e+06
4.110444779936967883e+06
4.110444839250768535e+06
4.110444898564569186e+06
4.110444947017323691e+06
4.110444995470078662e+06
4.110445043922834098e+06
4.110445092375589069e+06
4.110445140828344040e+06
4.110445189281099010e+06
4.110445228862224147e+06
4.110445268443348352e+06
4.110445308024473954e+06
4.110445347605598625e+06
4.110445387186723761e+06
4.110445426767849363e+06
4.110445459100467619e+06
4.110445491433085874e+06
4.110445523765704129e+06
4.110445556098322384e+06
4.110445588430940639e+06
4.110445620763558894e+06
4.110445647176686209e+06
4.110445673589813057e+06
4.110445700002941303e+06
4.110445726416069549e+06
4.110445752829197329e+06
4.110445779242325108e+06
4.110445800819559954e+06
4.110445822396795265e+06
4.110445843974029645e+06
4.110445865551264491e+06
4.110445887128499337e+06
4.110445908705734182e+06
4.110445926331445575e+06
4.110445943957156502e+06
4.110445961582869291e+06
4.110445979208581150e+06
4.110445996834293008e+06
4.110446014460004866e+06
4.110446028858983424e+06
4.110446043257961515e+06
4.110446057656939607e+06
4.110446072055917233e+06
4.110446086454895325e+06
4.110446100853873417e+06
4.110446112615668681e+06
4.110446124377463944e+06
4.110446136139259208e+06
4.110446147901054472e+06
4.110446159662849735e+06
4.110446171424644999e+06
4.110446181033002678e+06
4.110446190641360357e+06
4.110446200249718037e+06
4.110446209858075716e+06
4.110446219466433395e+06
4.110446229074791074e+06
4.110446236924191006e+06
4.110446244773590937e+06
4.110446252622990869e+06
4.110446260472390335e+06
4.110446268321790732e+06
4.110446276171189733e+06
4.110446282584015746e+06
4.110446288996842224e+06
4.110446295409668237e+06
4.110446301822494250e+06
4.110446308235320263e+06
4.110446314648146275e+06
4.110446319886059035e+06
4.110446325123971328e+06
4.110446330361884553e+06
4.110446335599797312e+06
4.110446340837710071e+06
4.110446346075622831e+06
4.110446350354644936e+06
4.110446354633666575e+06
4.110446358912687749e+06
4.110446363191709388e+06
4.110446367470731027e+06
4.110446371749752667e+06
4.110446375244500581e+06
4.110446378739248030e+06
4.110446382233995944e+06
4.110446385728743393e+06
4.110446389223491307e+06
4.110446392718240153e+06
4.110446395572658163e+06
4.110446398427076172e+06
4.110446401281493250e+06
4.110446404135911725e+06
4.110446406990329735e+06
4.110446409844747745e+06
4.110446412176660728e+06
4.110446414508573245e+06
4.110446416840486694e+06
4.110446419172399677e+06
4.110446421504312661e+06
4.110446423836225644e+06
4.110446425742169376e+06
4.110446427648113109e+06
4.110446429554056842e+06
4.110446431460001040e+06
4.110446433365944307e+06
4.110446435271888506e+06
4.110446436827820726e+06
4.110446438383752946e+06
4.110446439939685632e+06
4.110446441495618317e+06
4.110446443051550537e+06
4.110446444607482292e+06
4.110446445879895706e+06
4.110446447152308654e+06
4.110446448424722068e+06
4.110446449697135482e+06
4.110446450969549362e+06
4.110446452241961844e+06
4.110446453281695489e+06
4.110446454321428668e+06
4.110446455361162778e+06
4.110446456400896423e+06
4.110446457440630067e+06
4.110446458480363712e+06
4.110446459329076577e+06
4.110446460177790374e+06
4.110446461026503704e+06
4.110446461875217035e+06
4.110446462723930366e+06
4.110446463572643697e+06
4.110446464265819173e+06
4.110446464958995115e+06
4.110446465652171522e+06
4.110446466345347464e+06
4.110446467038523406e+06
4.110446467731699347e+06
4.110446468298250344e+06
4.110446468864801340e+06
4.110446469431353733e+06
4.110446469997905195e+06
4.110446470564456657e+06
4.110446471131007653e+06
4.110446471594112460e+06
4.110446472057217266e+06
4.110446472520322073e+06
4.110446472983426880e+06
4.110446473446531687e+06
4.110446473909636494e+06
4.110446474287494551e+06
4.110446474665353075e+06
4.110446475043212064e+06
4.110446475421070587e+06
4.110446475798929110e+06
4.110446476176787633e+06
4.110446476485627238e+06
4.110446476794467308e+06
4.110446477103308309e+06
4.110446477412149310e+06
4.110446477720989846e+06
4.110446478029828984e+06
4.110446478282369208e+06
4.110446478534909431e+06
4.110446478787450586e+06
4.110446479039991274e+06
4.110446479292531963e+06
4.110446479545071721e+06
4.110446479751020204e+06
4.110446479956969153e+06
4.110446480162916239e+06
4.110446480368864257e+06
4.110446480574812274e+06
4.110446480780760292e+06
4.110446480948234443e+06
4.110446481115708593e+06
4.110446481283182744e+06
4.110446481450656895e+06
4.110446481618131045e+06
4.110446481785605196e+06
4.110446481922837906e+06
4.110446482060070615e+06
4.110446482197303325e+06
4.110446482334536035e+06
4.110446482471768744e+06
4.110446482609001454e+06
4.110446482721035369e+06
4.110446482833069284e+06
4.110446482945103198e+06
4.110446483057137113e+06
4.110446483169171028e+06
4.110446483281204943e+06
4.110446483373015653e+06
4.110446483464827761e+06
4.110446483556638937e+06
4.110446483648451045e+06
4.110446483740261756e+06
4.110446483832072467e+06
4.110446483907605521e+06
4.110446483983138110e+06
4.110446484058670234e+06
4.110446484134202823e+06
4.110446484209735412e+06
4.110446484285268001e+06
4.110446484345842618e+06
4.110446484406417236e+06
4.110446484466992784e+06
4.110446484527567867e+06
4.110446484588142950e+06
4.110446484648718033e+06
4.110446484698708169e+06
4.110446484748698305e+06
4.110446484798688442e+06
4.110446484848678578e+06
4.110446484898668714e+06
4.110446484948658850e+06
4.110446484989248682e+06
4.110446485029838048e+06
4.110446485070426483e+06
4.110446485111014917e+06
4.110446485151605215e+06
4.110446485192194581e+06
4.110446485224825330e+06
4.110446485257455613e+06
4.110446485290086828e+06
4.110446485322717577e+06
4.110446485355348326e+06
4.110446485387979075e+06
4.110446485415481031e+06
4.110446485442982521e+06
4.110446485470485874e+06
4.110446485497988295e+06
4.110446485525490716e+06
4.110446485552993137e+06
4.110446485575793777e+06
4.110446485598594416e+06
4.110446485621395055e+06
4.110446485644195694e+06
4.110446485666996334e+06
4.110446485689796973e+06
4.110446485707849730e+06
4.110446485725902021e+06
4.110446485743955243e+06
4.110446485762008000e+06
4.110446485780060757e+06
4.110446485798113514e+06
4.110446485813246109e+06
4.110446485828378703e+06
4.110446485843511298e+06
4.110446485858643893e+06
4.110446485873776488e+06
4.110446485888909083e+06
4.110446485901026055e+06
4.110446485913143493e+06
4.110446485925259534e+06
4.110446485937375575e+06
4.110446485949492082e+06
4.110446485961608589e+06
4.110446485971063375e+06
4.110446485980518628e+06
4.110446485989972018e+06
4.110446485999426339e+06
4.110446486008880660e+06
4.110446486018334981e+06
4.110446486025890801e+06
4.110446486033447087e+06
4.110446486041003838e+06
4.110446486048560590e+06
4.110446486056116410e+06
4.110446486063672695e+06
4.110446486072331667e+06
4.110446486078016460e+06
4.110446486083700787e+06
4.110446486089385115e+06
4.110446486095069442e+06
4.110446486100753769e+06
4.110446486106438097e+06
4.110446486107891891e+06
4.110446486108891666e+06
4.110446486109891441e+06
4.110446486110891216e+06
4.110446486111890990e+06
4.110446486112890765e+06
4.110446486113890540e+06
4.110446486114989500e+06
4.110446486116089392e+06
4.110446486117187887e+06
4.110446486118286848e+06
4.110446486119385809e+06
4.110446486120774411e+06
4.110446486122162081e+06
4.110446486123550218e+06
4.110446486124938354e+06
4.110446486128403805e+06
4.110446486131870653e+06
4.110446486134150065e+06
4.110446486136429943e+06
4.110446486138710752e+06
4.110446486140991095e+06
4.110446486143318471e+06
4.110446486145645846e+06
4.110446486147973221e+06
4.110446486150300596e+06
4.110446486152627971e+06
4.110446486155471299e+06
4.110446486158314627e+06
4.110446486161157954e+06
4.110446486164001282e+06
4.110446486166844610e+06
4.110446486168897711e+06
4.110446486170950811e+06
4.110446486173003912e+06
4.110446486175057013e+06
4.110446486177110113e+06
4.110446486179163214e+06
4.110446486181097571e+06
4.110446486183031928e+06
4.110446486184965353e+06
4.110446486186899245e+06
4.110446486188833136e+06
4.110446486190767027e+06
4.110446486192715820e+06
4.110446486194664612e+06
4.110446486196613405e+06
4.110446486198562197e+06
4.110446486200510990e+06
4.110446486202585511e+06
4.110446486204034649e+06
4.110446486205483787e+06
4.110446486206932925e+06
4.110446486208382063e+06
4.110446486209831201e+06
4.110446486211280338e+06
4.110446486212512478e+06
4.110446486213744618e+06
4.110446486214975826e+06
4.110446486216207501e+06
4.110446486217439175e+06
4.110446486218670849e+06
4.110446486220040824e+06
4.110446486220929772e+06
4.110446486221462954e+06
4.110446486221996602e+06
4.110446486222530250e+06
4.110446486223063897e+06
4.110446486223597545e+06
4.110446486224333290e+06
4.110446486225069035e+06
4.110446486225804780e+06
4.110446486226540525e+06
4.110446486227632500e+06
4.110446486228373367e+06
4.110446486229113303e+06
4.110446486229853705e+06
4.110446486230594106e+06
4.110446486231334507e+06
4.110446486231845804e+06
4.110446486231965013e+06
4.110446486232084222e+06
4.110446486232203431e+06
4.110446486232322641e+06
4.110446486232441850e+06
4.110446486232561059e+06
4.110446486232738942e+06
4.110446486232779454e+06
4.110446486232803203e+06
4.110446486232826952e+06
4.110446486232850701e+06
4.110446486232874449e+06
4.110446486232898198e+06
4.110446486232922878e+06
4.110446486232947558e+06
4.110446486232972238e+06
4.110446486232996918e+06
