2.686061718819273094e-12
2.686063061932302187e-12
2.686064405045332088e-12
2.686077836175694103e-12
2.686091267306127608e-12
2.686132575392953461e-12
2.686173883480448974e-12
2.686215191568631112e-12
2.686329197804363233e-12
2.686443204045356109e-12
2.686557210291611761e-12
2.687365160954719707e-12
2.688173111881945454e-12
2.688981063073264363e-12
2.690960831695726709e-12
2.692940601904743280e-12
2.694920373700801984e-12
2.696900147084076901e-12
2.704095155269848721e-12
2.711290184434578468e-12
2.718485234580792516e-12
2.725680305706081622e-12
2.751939298392914979e-12
2.778198569536609381e-12
2.804458118683850867e-12
2.830717945949987513e-12
2.856978051679036385e-12
2.885600127161978515e-12
2.914222534200970191e-12
2.942845273044090875e-12
2.971468343773994006e-12
3.000091746325341201e-12
3.028715480619474368e-12
3.072997782465390917e-12
3.117280879810907405e-12
3.161564773777434366e-12
3.205849464412411091e-12
3.250134950928301459e-12
3.294421232719257466e-12
3.334871110209405357e-12
3.375321650919639396e-12
3.415772854621167402e-12
3.456224721146293047e-12
3.496677250486904871e-12
3.537130442680149666e-12
3.579588389064598775e-12
3.622047065588579135e-12
3.664506472239670516e-12
3.706966608990024637e-12
3.749427475782772025e-12
3.791889072557266769e-12
3.838099503195850755e-12
3.884310798550216628e-12
3.930522958704378959e-12
3.976735983584561959e-12
4.022949873043722968e-12
4.069164626997947580e-12
4.118854562831961325e-12
4.168545498270684288e-12
4.218237433372927072e-12
4.267930368023607368e-12
4.317624302064257888e-12
4.367319235424939056e-12
4.420558435861973779e-12
4.473798783447247459e-12
4.527040278225205705e-12
4.580282920075111652e-12
4.633526708840603930e-12
4.686771644452289841e-12
4.743885691918040141e-12
4.801001059158038104e-12
4.858117746222691665e-12
4.915235752988316318e-12
4.972355079288944414e-12
5.029475725047791943e-12
5.090779727770566020e-12
5.152085250497722608e-12
5.213392293286375136e-12
5.274700856005128710e-12
5.336010938475014242e-12
5.397322540612472758e-12
5.463116881766483685e-12
5.528912973150520496e-12
5.594710814820134346e-12
5.660510406625863229e-12
5.726311748372787367e-12
5.792114839973824996e-12
5.856841916619849989e-12
5.921570686203961232e-12
5.986301148627216938e-12
6.051033303809622925e-12
6.115767151720735069e-12
6.180502692347023637e-12
6.249398767225810572e-12
6.318296759365633325e-12
6.387196668796487694e-12
6.456098495471263158e-12
6.525002239300888358e-12
6.593907900224107503e-12
6.682755295977464912e-12
6.771605880380482025e-12
6.860459654296337157e-12
6.949316617608115116e-12
7.038176769568144793e-12
7.127040109674922902e-12
7.223099115860891861e-12
7.319161848308752844e-12
7.415228307313772979e-12
7.511298492329137414e-12
7.607372402640422209e-12
7.703450037990863716e-12
7.796954790618304655e-12
7.890463071028324240e-12
7.983974878877771764e-12
8.077490213930417693e-12
8.171009076147053342e-12
8.264531465530846877e-12
8.374399931573468919e-12
8.484273266310955601e-12
8.594151470336642606e-12
8.704034543464073408e-12
8.813922485016016497e-12
8.923815294533291316e-12
9.032812977078536313e-12
9.141815448172951610e-12
9.250822707624558602e-12
9.359834755130573642e-12
9.468851590498223259e-12
9.577873213673537147e-12
9.693955608964632804e-12
9.810043432116845127e-12
9.926136683183814838e-12
1.004223536198537974e-11
1.015833946825563519e-11
1.027444900183468653e-11
1.039976952235941931e-11
1.052509636536957111e-11
1.065042953102624665e-11
1.077576901908583480e-11
1.090111482916829129e-11
1.102646696108146303e-11
1.116107724363463836e-11
1.129569481619549548e-11
1.143031967890148210e-11
1.156495183145438344e-11
1.169959127344798921e-11
1.183423800469792375e-11
1.197861651603663748e-11
1.212300340810518041e-11
1.226739868103152643e-11
1.241180233450152947e-11
1.255621436809590427e-11
1.270063478162236366e-11
1.285557456169959181e-11
1.301052398649693977e-11
1.316548305614152838e-11
1.332045177028372035e-11
1.347543012846908011e-11
1.363041813049442335e-11
1.378287621976714899e-11
1.393534363930020830e-11
1.408782038886194709e-11
1.424030646826559216e-11
1.439280187744007870e-11
1.454530661635347946e-11
1.470760969012903080e-11
1.486992332986201216e-11
1.503224753562302145e-11
1.519458230730178517e-11
1.535692764468955331e-11
1.551928354764272924e-11
1.572861377849120839e-11
1.593796157424576211e-11
1.614732693693086003e-11
1.635670986627304785e-11
1.656611036051996285e-11
1.677552841849637847e-11
1.700188852935914805e-11
1.722826915990285359e-11
1.745467031081911504e-11
1.768109198082719830e-11
1.790753416825418228e-11
1.813399687249921722e-11
1.835437787103264587e-11
1.857477829538469000e-11
1.879519814475042857e-11
1.901563741857729522e-11
1.923609611677489462e-11
1.945657423935109146e-11
1.971557044082062935e-11
1.997459344417401224e-11
2.023364325080210555e-11
2.049271986026976059e-11
2.075182327099172125e-11
2.101095348189280460e-11
2.126795207178803754e-11
2.152497701729374967e-11
2.178202831795952499e-11
2.203910597307727105e-11
2.229620998219716639e-11
2.255334034519350540e-11
2.282710034166572088e-11
2.310089020544258655e-11
2.337470993664960444e-11
2.364855953486614676e-11
2.392243899947097824e-11
2.419634833009019386e-11
2.449196207438104612e-11
2.478761059871328136e-11
2.508329390346405194e-11
2.537901198806431899e-11
2.567476485162583593e-11
2.597055249369948571e-11
2.628815685418148639e-11
2.660580130446710684e-11
2.692348584487786828e-11
2.724121047471722325e-11
2.755897519303627927e-11
2.787677999940443389e-11
2.821752118550786453e-11
2.855830844436223788e-11
2.889914177626679298e-11
2.924002118048814698e-11
2.958094665604736718e-11
2.992191820249557883e-11
3.028768791380599921e-11
3.065351062782493031e-11
3.101938634484956908e-11
3.138531506406401818e-11
3.175129678440779327e-11
3.211733150540684233e-11
3.247735079967727314e-11
3.283742135178994697e-11
3.319754316120240134e-11
3.355771622747950696e-11
3.391794055045724941e-11
3.427821613006173174e-11
3.466159787213567270e-11
3.504503763970229379e-11
3.542853543292683081e-11
3.581209125155307102e-11
3.619570509509461930e-11
3.657937696321653859e-11
3.707400715946048631e-11
3.756873376998595683e-11
3.806355679952828773e-11
3.855847624745315427e-11
3.905349210966936637e-11
3.954860438343337274e-11
4.008370071754630312e-11
4.061890962470561178e-11
4.115423110652564507e-11
4.168966516002047487e-11
4.222521178129083638e-11
4.276087096893841955e-11
4.328206558134835174e-11
4.380336671787340353e-11
4.432477437663069213e-11
4.484628855633547680e-11
4.536790925678413539e-11
4.588963647799773518e-11
4.650243296055493920e-11
4.711537633792096206e-11
4.772846661334751535e-11
4.834170378582803661e-11
4.895508785166951335e-11
4.956861880836565295e-11
5.017701341649516687e-11
5.078555239736756676e-11
5.139423574992905038e-11
5.200306347253344429e-11
5.261203556413970291e-11
5.322115202445844875e-11
5.386956883971973350e-11
5.451814917570730225e-11
5.516689303271473304e-11
5.581580040976763943e-11
5.646487130542384493e-11
5.711410571881420891e-11
5.781469397457197096e-11
5.851547254261363329e-11
5.921644142382067963e-11
5.991760061687276815e-11
6.061895011970559210e-11
6.132048993127575360e-11
6.207367594957231793e-11
6.282708120855371921e-11
6.358070570897129592e-11
6.433454944920846574e-11
6.508861242706115421e-11
6.584289464153023055e-11
6.665151688174008223e-11
6.746039093682316797e-11
6.826951680747956689e-11
6.907889449200807867e-11
6.988852398813566269e-11
7.069840529482141555e-11
7.156709769470418913e-11
7.243607962178989808e-11
7.330535107677514481e-11
7.417491205776772780e-11
7.504476256230527255e-11
7.591490258928866282e-11
7.677066692823757191e-11
7.762671111661023821e-11
7.848303515314135974e-11
7.933963903682384410e-11
8.019652276728428386e-11
8.105368634435489061e-11
8.196578058678252267e-11
8.287819148019250950e-11
8.379091902497507353e-11
8.470396322054026697e-11
8.561732406575998349e-11
8.653100155985678963e-11
8.770893600072499128e-11
8.888739634548391111e-11
9.006638260522937571e-11
9.124589477850774440e-11
9.242593285577844524e-11
9.360649683064529122e-11
9.488248112918825744e-11
9.615907921948858747e-11
9.743629110534579329e-11
9.871411677980735723e-11
9.999255623378180178e-11
1.012716094640186690e-10
1.025163037037213634e-10
1.037615786351938070e-10
1.050074342542113686e-10
1.062538705577823945e-10
1.075008875453482147e-10
1.087484852169171009e-10
1.102142480841988015e-10
1.116808116835631029e-10
1.131481760227295519e-10
1.146163410993547976e-10
1.160853069047597508e-10
1.175550734330689605e-10
1.190132182284343992e-10
1.204721502792979335e-10
1.219318695832062748e-10
1.233923761362943959e-10
1.248536699361179523e-10
1.263157509820096935e-10
1.278731499458439064e-10
1.294314411598363527e-10
1.309906246247326326e-10
1.325507003382433167e-10
1.341116682969543206e-10
1.356735284988183981e-10
1.373604180366447216e-10
1.390483471580785412e-10
1.407373158652928861e-10
1.424273241551614788e-10
1.441183720227577350e-10
1.458104594656047142e-10
1.476293577600657323e-10
1.494494557663522710e-10
1.512707534863721447e-10
1.530932509162612568e-10
1.549169480507016631e-10
1.567418448872978744e-10
1.587014918580766549e-10
1.606625203692930250e-10
1.626249304227893227e-10
1.645887220144503762e-10
1.665538951387111211e-10
1.685204497930427111e-10
1.706345462039629226e-10
1.727502369074785551e-10
1.748675219054978886e-10
1.769864011933622677e-10
1.791068747649249390e-10
1.812289426174705272e-10
1.833221463594607489e-10
1.854168989936730937e-10
1.875132005170882750e-10
1.896110509271510542e-10
1.917104502228449814e-10
1.938113984037573195e-10
1.960550977775025486e-10
1.983005609825118350e-10
2.005477880199632134e-10
2.027967788883198336e-10
2.050475335846022947e-10
2.073000521068194953e-10
2.102175089869371399e-10
2.131379194964174722e-10
2.160612836653395968e-10
2.189876014900361051e-10
2.219168729449880616e-10
2.248490980130658223e-10
2.280409046955475878e-10
2.312362037862792518e-10
2.344349952970223662e-10
2.376372792085998084e-10
2.408430554951387646e-10
2.440523241473096716e-10
2.472059331840938177e-10
2.503629072363237495e-10
2.535232462927882748e-10
2.566869503439215666e-10
2.598540193869744385e-10
2.630244534219338625e-10
2.664498924722861738e-10
2.698792509475745498e-10
2.733125288516057274e-10
2.767497261796504565e-10
2.801908429222682281e-10
2.836358790730652980e-10
2.874213068270723478e-10
2.912114555323472196e-10
2.950063251984195511e-10
2.988059158158597418e-10
3.026102273681094453e-10
3.064192598469871733e-10
3.105865448078144328e-10
3.147594659036206851e-10
3.189380231439682930e-10
3.231222165151976097e-10
3.273120459972428360e-10
3.315075115814872833e-10
3.361133056046845678e-10
3.407258730525002857e-10
3.453452139366156747e-10
3.499713282402706082e-10
3.546042159388070906e-10
3.592438770215365525e-10
3.643709078172859729e-10
3.695061844673752632e-10
3.746497069885668765e-10
3.798014753596240880e-10
3.849614895479269786e-10
3.901297495390399541e-10
3.958795812514791569e-10
4.016395847434924115e-10
4.074097600408667634e-10
4.131901071106225216e-10
4.189806259050673987e-10
4.247813164056625195e-10
4.312819042516898604e-10
4.377952192804045495e-10
4.443212615265226333e-10
4.508600309456283386e-10
4.574115274709947632e-10
4.639757510748136975e-10
4.707707041304817568e-10
4.775792411381889886e-10
4.844013620891552326e-10
4.912370669455074042e-10
4.980863556754904531e-10
5.049492282701635910e-10
5.126680360615895185e-10
5.204039555263585170e-10
5.281569867043199093e-10
5.359271295596475723e-10
5.437143840262665255e-10
5.515187500705220986e-10
5.604398347321752228e-10
5.693831739545364857e-10
5.783487678242631893e-10
5.873366162731827264e-10
5.963467191750929783e-10
6.053790764719285542e-10
6.166778832802976818e-10
6.280113229693293893e-10
6.393793959570746578e-10
6.507821020785994634e-10
6.622194408751559525e-10
6.736914120978092895e-10
6.884610741524585953e-10
7.032877506938560183e-10
7.181714433133852843e-10
7.331121513690125833e-10
7.481098730766184183e-10
7.631646074719959862e-10
7.795476914621294235e-10
7.959977656265502427e-10
8.125148302603435467e-10
8.290988840987197802e-10
8.457499258013931301e-10
8.624679550551297371e-10
8.823486576863618525e-10
8.923242247957246235e-10
9.023232675634078088e-10
9.123457852711349140e-10
9.223917783135751091e-10
9.324612472889907012e-10
9.425541921975536406e-10
9.657001494402918895e-10
9.889686273955313124e-10
1.012359627632582630e-09
1.035873160383414629e-09
1.059509233207777544e-09
1.071373220267689776e-09
1.083267837996574778e-09
1.095193085729138007e-09
1.107148964369430798e-09
1.119135474657456991e-09
1.131152616318547334e-09
1.138838392425254505e-09
1.146536645798040175e-09
1.154247376504994131e-09
1.161970584556415805e-09
1.169706269929889222e-09
1.201593966010778278e-09
1.209598742706153853e-09
1.217616661945288081e-09
1.225647724213773410e-09
1.233691929245660521e-09
1.241749276738840720e-09
1.267678729299477323e-09
1.274182223738008512e-09
1.280694167439754425e-09
1.287214559411203317e-09
1.293743399848742756e-09
1.299540851552740747e-09
1.305344948977827159e-09
1.311155692069307984e-09
1.316973080781740606e-09
1.324111654559867661e-09
1.331260209986203162e-09
1.338418747078031047e-09
1.345587265824762991e-09
1.385270545154755528e-09
1.390252265437629095e-09
1.395238721989087013e-09
1.400229915030694983e-09
1.405225844481259440e-09
1.410226510240052325e-09
1.417990014449973847e-09
1.425764907016628778e-09
1.433551188012850577e-09
1.441348857428563358e-09
1.480789785167370469e-09
1.490695136366165473e-09
1.500618537567503814e-09
1.510559989601575182e-09
1.520519492046463075e-09
1.530497044407370801e-09
1.564210441223818488e-09
1.568438999175545263e-09
1.572670752337702305e-09
1.576905700195033845e-09
1.581143842704913613e-09
1.591072348932535302e-09
1.601018344551797860e-09
1.610981829493529965e-09
1.620962803566659924e-09
1.652927926079784365e-09
1.660947038478782992e-09
1.668977280550467234e-09
1.677018651421933036e-09
1.685071151288835704e-09
1.693010196495619133e-09
1.700960030096005494e-09
1.708920652032590728e-09
1.716892062250451488e-09
1.726381498630864971e-09
1.735886178339653949e-09
1.745406101397790346e-09
1.754941267794571891e-09
1.817867107288709160e-09
1.825778945688686415e-09
1.833701032381238561e-09
1.841633368065558622e-09
1.849575952497732955e-09
1.857528785362961435e-09
1.867644558078394111e-09
1.877776863816767864e-09
1.887925702695704263e-09
1.898091074706340066e-09
1.911914361361375767e-09
1.925768103285459933e-09
1.939652300364615761e-09
1.953566952620466580e-09
1.967512060114215897e-09
2.030594113616941550e-09
2.038522662882034119e-09
2.046460833699968291e-09
2.054408626430020866e-09
2.062366040970519765e-09
2.070333077171254781e-09
2.081363692344189773e-09
2.092412698878937261e-09
2.103480096861393746e-09
2.114565886283807307e-09
2.129515474667581867e-09
2.144498378687976166e-09
2.159514598240006507e-09
2.174564133340155292e-09
2.189646984045464481e-09
2.261136261847428693e-09
2.270124383678755581e-09
2.279124053750630802e-09
2.288135272469451499e-09
2.297158039721443529e-09
2.306192355337182931e-09
2.318189389200760522e-09
2.330206727615656509e-09
2.342244370668705005e-09
2.354302318354510724e-09
2.363380598069756614e-09
2.372470353305276711e-09
2.381571584031323946e-09
2.390684290241469884e-09
2.399808471945116675e-09
2.469689090219500914e-09
2.540235538656901766e-09
2.549100658141909008e-09
2.557976181960439800e-09
2.566862110563143378e-09
2.575758443807204116e-09
2.584665181509559498e-09
2.609573591736329636e-09
2.634563018948147062e-09
2.659633464594600720e-09
2.684784928536939747e-09
2.747214243477696357e-09
2.762898691647098785e-09
2.778613989480784078e-09
2.794360137695296617e-09
2.810137135893654225e-09
2.825944983651031831e-09
2.839769301778843833e-09
2.853617127545705234e-09
2.867488461060650433e-09
2.881383302353665142e-09
2.898431210789332242e-09
2.915514373482534007e-09
2.932632790359387906e-09
2.949786461425580391e-09
2.966975386725493425e-09
3.065612738969123193e-09
3.078022918237765599e-09
3.090450989790685129e-09
3.102896954053270167e-09
3.115360810922268305e-09
3.127842560227646779e-09
3.156260531065847552e-09
3.184770820126036566e-09
3.213373428442630475e-09
3.242068355799245447e-09
3.318559167737377290e-09
3.337783166953820007e-09
3.357047686879675742e-09
3.376352728328831075e-09
3.395698290855175095e-09
3.415084373983218742e-09
3.474705693918244877e-09
3.534707135713072541e-09
3.595088725182051955e-09
3.655850452872118412e-09
3.677066836807547283e-09
3.698329172001360816e-09
3.719637454468135816e-09
3.740991682566434930e-09
3.762391857037315205e-09
3.849602595026729208e-09
3.881085231029348036e-09
3.912665096276773191e-09
3.944342183620731504e-09
3.976116494256790954e-09
4.044076869955532293e-09
4.112477888359310580e-09
4.181319565096572734e-09
4.250601883621706381e-09
4.279475898796367968e-09
4.308425753589367120e-09
4.337451442795980850e-09
4.366552964132483430e-09
4.395730318526416468e-09
4.471047544364895178e-09
4.546865532636288902e-09
4.623184307109049381e-09
4.700003853683081534e-09
4.756408064265555931e-09
4.813079187696278419e-09
4.870017207587242657e-09
4.927222119100476863e-09
4.984693926263856795e-09
5.099088156582777603e-09
5.156676380085368375e-09
5.214525341040315389e-09
5.272635039169992015e-09
5.331005475284754014e-09
5.389636650087019999e-09
5.515682333257158866e-09
5.579150822062741581e-09
5.642916417575273855e-09
5.706979124108112154e-09
5.771338940745334276e-09
5.835995865565073747e-09
5.935560354575096917e-09
6.035821234272215652e-09
6.136778505307178729e-09
6.238432171918227170e-09
6.289520157015609588e-09
6.340782245981676102e-09
6.392218439064384856e-09
6.443828735627438744e-09
6.495613135490913574e-09
6.580819747030140308e-09
6.591503426101739737e-09
6.602194405456799745e-09
6.612892685003026829e-09
6.623598264755428526e-09
6.639914300027221897e-09
6.643995953809937821e-09
6.648078665575875914e-09
6.652162435324449707e-09
6.656247263055994206e-09
6.683399812987450547e-09
6.710599017588228103e-09
6.737844876913062243e-09
6.765137390977172263e-09
6.830397085442925491e-09
6.895921989517470268e-09
6.961712103434072356e-09
7.027767427986368538e-09
7.094087964036053538e-09
7.218980865907223831e-09
7.344803592418541464e-09
7.408063640734583367e-09
7.471556146431743644e-09
7.535281110084107146e-09
7.599238532219185148e-09
7.663428413335203422e-09
7.727850753921310261e-09
7.915763958499159601e-09
8.010451933685263230e-09
8.105627492805366963e-09
8.201290637265841622e-09
8.297441368666198087e-09
8.394079688753355783e-09
8.491205599244300125e-09
8.703514519528881080e-09
8.918116673645694806e-09
9.026277721156659633e-09
9.135012079883727807e-09
9.244319749348406779e-09
9.354200733276772976e-09
9.464655036327140339e-09
9.575682660950125732e-09
9.790548824295249051e-09
1.000753018142031590e-08
1.022662675413376446e-08
1.044783857746550088e-08
1.067116568011621749e-08
1.089660807555931666e-08
1.111762268198325140e-08
1.134063324011332407e-08
1.156563977170790855e-08
1.179264229752915220e-08
1.202164083435525899e-08
1.225263539825174237e-08
1.247325817145544116e-08
1.269567152983737035e-08
1.291987549022017999e-08
1.314587006949919624e-08
1.337365528507092071e-08
1.360323115485846304e-08
1.382436470906461973e-08
1.398681557293490403e-08
1.406836797089824798e-08
1.411910532750992718e-08
1.416992669145687561e-08
1.422083206293785155e-08
1.427182144214464673e-08
1.432289482926900494e-08
1.437405222450742624e-08
1.453957000757360621e-08
1.470596114543530585e-08
1.487322564511834584e-08
1.504136351341497419e-08
1.521037475695146843e-08
1.538025938251341116e-08
1.568785616588223922e-08
1.599827553072825647e-08
1.631151752561718549e-08
1.662758219538510731e-08
1.694646958107329941e-08
1.726817972434365631e-08
1.756343048452599160e-08
1.786101949357434671e-08
1.816094678588855936e-08
1.846321239687827612e-08
1.876781636317810871e-08
1.907475872206419705e-08
1.938106509744354459e-08
1.968966534370585499e-08
2.000055949835588433e-08
2.031374759977352926e-08
2.062922968692898897e-08
2.094700579920014688e-08
2.126260090508059962e-08
2.158042663680518861e-08
2.190048303385165454e-08
2.222277013634446758e-08
2.254728798496631578e-08
2.287403662092874017e-08
2.319676619987030878e-08
2.352164296695727366e-08
2.384866696272604755e-08
2.417783822833496390e-08
2.450915680551615151e-08
2.484262273652684333e-08
2.517218320173330487e-08
2.550381458366528897e-08
2.583751692389728033e-08
2.617329026458997333e-08
2.651113464845048461e-08
2.685105011869952066e-08
2.721266927022687034e-08
2.757660342404765118e-08
2.794285263335041035e-08
2.831141695188284267e-08
2.868229643400494519e-08
2.905549113481261786e-08
2.944969701516119330e-08
2.984645374037834721e-08
3.024576137686289637e-08
3.064761999171095759e-08
3.105202965283789728e-08
3.145899042911656656e-08
3.186056562760417878e-08
3.226459444211852915e-08
3.267107694008183884e-08
3.308001318978272462e-08
3.349140326039617693e-08
3.390524722194628377e-08
3.431193904579946871e-08
3.472097327189491422e-08
3.513234996783815131e-08
3.554606920207464344e-08
3.596213104385961756e-08
3.638053556322276003e-08
3.678638069675702508e-08
3.719440605841788288e-08
3.760461171317204578e-08
3.801699772673489742e-08
3.843156416554189867e-08
3.884831109672118485e-08
3.922600356068362024e-08
3.960546940255345066e-08
3.985346435754355420e-08
4.010221096582731779e-08
4.035170924159158375e-08
4.060195919912824637e-08
4.085296085281783397e-08
4.110471421711780268e-08
4.155986889712636378e-08
4.201746036574658930e-08
4.247748870969975716e-08
4.293995401659122933e-08
4.340485637482643006e-08
4.387219587368532532e-08
4.441270717324004017e-08
4.495644253800086209e-08
4.550340210886407209e-08
4.605358602815075987e-08
4.660699443971470136e-08
4.716362748919311364e-08
4.769465664259282442e-08
4.822858801071565066e-08
4.876542172221511723e-08
4.930515790720113612e-08
4.984779669726739607e-08
5.039333822544580803e-08
5.092359999433320215e-08
5.145657594572852050e-08
5.199226620370066919e-08
5.253067089364504763e-08
5.307179014225562290e-08
5.361562407749665343e-08
5.415098842604715904e-08
5.468895800389270607e-08
5.522953293495346033e-08
5.577271334437985663e-08
5.631849935854169330e-08
5.686689110502482341e-08
5.740776937840520228e-08
5.795115901670491410e-08
5.849706014410126532e-08
5.904547288594056715e-08
5.959639736873775832e-08
6.014983372017402280e-08
6.061979360421245026e-08
6.109154985025071347e-08
6.156510253744827650e-08
6.204045174560763380e-08
6.251759755515341228e-08
6.299654004710864115e-08
6.355731820481806582e-08
6.412053983604967371e-08
6.468620507250370766e-08
6.525431404701368762e-08
6.582486689354629160e-08
6.639786374723010180e-08
6.697254199882416589e-08
6.754965806940833763e-08
6.812921209709828738e-08
6.871120422118006006e-08
6.929563458212284678e-08
6.988250332158873898e-08
7.045836203598024991e-08
7.103654959688699985e-08
7.161706613982060196e-08
7.219991180139950324e-08
7.278508671935175058e-08
7.337259103251471290e-08
7.394088291201097109e-08
7.451133771247223730e-08
7.508395556104319943e-08
7.565873658584754337e-08
7.623568091598731779e-08
7.681478868154187534e-08
7.733465260779568336e-08
7.785624788856799047e-08
7.803111686973684780e-08
7.820617960654682682e-08
7.832741014664266058e-08
7.844873343200645772e-08
7.857014946382943773e-08
7.869165824330446121e-08
7.881325977162612257e-08
7.893495404999109407e-08
7.933801859277003258e-08
7.974209733379081097e-08
8.014719031675348689e-08
8.055329758557121294e-08
8.096041918437388951e-08
8.136855515751662187e-08
8.211567360172857662e-08
8.286616785911688403e-08
8.362003820479685274e-08
8.437728491630016466e-08
8.513790827359491253e-08
8.590190855917010474e-08
8.664165743543702212e-08
8.738454547078563878e-08
8.813057292507303684e-08
8.887974006036541330e-08
8.963204714095963967e-08
9.038749443339259255e-08
9.110724266891684826e-08
9.182981886332807176e-08
9.255522324996499353e-08
9.328345606402110797e-08
9.401451754254462049e-08
9.474840792443407996e-08
9.546646751686214078e-08
9.618721523855744476e-08
9.691065131587880030e-08
9.763677597689180047e-08
9.836558945136996113e-08
9.909709197079788412e-08
9.982096151345049634e-08
1.005474456064171647e-07
1.012765444765039442e-07
1.020082583521630059e-07
1.027425874634971497e-07
1.034795320422646086e-07
1.042138505712433155e-07
1.049507481487484984e-07
1.056902250065372392e-07
1.064322813780014063e-07
1.071769174981722213e-07
1.079241336037260288e-07
1.086437562728207145e-07
1.093657562158214569e-07
1.100901336463146148e-07
1.108168887793057641e-07
1.115460218312227681e-07
1.122775330199181862e-07
1.130111933510453974e-07
1.137472307757274968e-07
1.144856455159147512e-07
1.152264377950012081e-07
1.159696078378286531e-07
1.167151558706913216e-07
1.174532788951518986e-07
1.181937185190915178e-07
1.189364749642256723e-07
1.196815484536671151e-07
1.204289392119296449e-07
1.211786474649326717e-07
1.219089690740311594e-07
1.226414769550174180e-07
1.233761713186666498e-07
1.241130523770215359e-07
1.248521203433955978e-07
1.255933754323758183e-07
1.262822684431654789e-07
1.269730401583172285e-07
1.276656907515657831e-07
1.281950748364305246e-07
1.285255155114514470e-07
1.288563804349750042e-07
1.291876696259407470e-07
1.295193831033374071e-07
1.298515208862023675e-07
1.301840829936219275e-07
1.311037613530509694e-07
1.320266698272391756e-07
1.329528088227968774e-07
1.338821787491992302e-07
1.348147800187825346e-07
1.357506130467556444e-07
1.367758822547848921e-07
1.378050036218925624e-07
1.388379777000888095e-07
1.398748050455276313e-07
1.409154862185267490e-07
1.419600217835995551e-07
1.428908896031304187e-07
1.438247982087156821e-07
1.447617480041286721e-07
1.457017393957990107e-07
1.466447727928177770e-07
1.475908486069364216e-07
1.485011752035557156e-07
1.494143017179188652e-07
1.503302285203490188e-07
1.512489559834583258e-07
1.521704844821513244e-07
1.530948143936300765e-07
1.540126181263905586e-07
1.549331680105791262e-07
1.558564644188469449e-07
1.567825077260825386e-07
1.577112983094181686e-07
1.586428365482366626e-07
1.595814445883906963e-07
1.605228264994480456e-07
1.614669826729796013e-07
1.624139135028778390e-07
1.633636193853637280e-07
1.643161007189947513e-07
1.652958082062552143e-07
1.658289781687555339e-07
1.663630090454573980e-07
1.668979009065395773e-07
1.674336538224107327e-07
1.679702678637077739e-07
1.685077431012945360e-07
1.692768506455557841e-07
1.700477151357971561e-07
1.708203367808843773e-07
1.715947157906415112e-07
1.723708523758508009e-07
1.731487467482551836e-07
1.740176517302492539e-07
1.748887399864494929e-07
1.757620118140942407e-07
1.766374675119189419e-07
1.775151073801606185e-07
1.783949317205632700e-07
1.792734388807933452e-07
1.801541138243329401e-07
1.810369568538325383e-07
1.819219682734411041e-07
1.828091483888101326e-07
1.836984975070980166e-07
1.845524019316133387e-07
1.854082969553086429e-07
1.862661828520310044e-07
1.871260598969088477e-07
1.879879283663555727e-07
1.888517885380715929e-07
1.895849783783476074e-07
1.900821805154179193e-07
1.905800377187064550e-07
1.910785500413489940e-07
1.915777175366224531e-07
1.920775402579443296e-07
1.925780182588727816e-07
1.934850007626027033e-07
1.943941279279842013e-07
1.953054000755592921e-07
1.962188175273903635e-07
1.971343806070635889e-07
1.980520896396932950e-07
1.994703100795309790e-07
2.008936272219923493e-07
2.023220422778502823e-07
2.037555564665818710e-07
2.051941710164025176e-07
2.063623180141238714e-07
2.075338078546840358e-07
2.087086412020501153e-07
2.098868187240135152e-07
2.110683410921919269e-07
2.122532089820329806e-07
2.133752786398910325e-07
2.145003333639929657e-07
2.156283737327639742e-07
2.167594003277193079e-07
2.178934137334703602e-07
2.190304145377329534e-07
2.201617576498774542e-07
2.212960442403452010e-07
2.224332748927253508e-07
2.235734501936543410e-07
2.247165707328244129e-07
2.258626371029925582e-07
2.270258451419177806e-07
2.281920733852588372e-07
2.293613224576375961e-07
2.305335929869311791e-07
2.317088856042808553e-07
2.328872009441020466e-07
2.342042541550953513e-07
2.355250650722633029e-07
2.368496345888360521e-07
2.381779636031558052e-07
2.391183496511770985e-07
2.400606116181415498e-07
2.410047498251308152e-07
2.413142529494912176e-07
2.416239572152228363e-07
2.419338626336817360e-07
2.422439692162394400e-07
2.425542769742819240e-07
2.428647859192103044e-07
2.435649357155116004e-07
2.442661064485572151e-07
2.449682982494691720e-07
2.456715112497541537e-07
2.463757455813033958e-07
2.470810013763934279e-07
2.479751484598889183e-07
2.488709325531395373e-07
2.497683539270560676e-07
2.506674128535448732e-07
2.515681096055103877e-07
2.524704444568571259e-07
2.534636540817140770e-07
2.544588415256001379e-07
2.554560071558838211e-07
2.562598520518741892e-07
2.570649783037085922e-07
2.578713861048974245e-07
2.584563317287239691e-07
2.590419499898508529e-07
2.596282409624403104e-07
2.602152047208249355e-07
2.606206641962682147e-07
2.610264441432631493e-07
2.612376703820929564e-07
2.614489833637132661e-07
2.616603830915909313e-07
2.618718695691957696e-07
2.620834428000001924e-07
2.627227626942756636e-07
2.633628735494798977e-07
2.640037754616651606e-07
2.646454685271220517e-07
2.652879528423802457e-07
2.659312285042090746e-07
2.669379841755710563e-07
2.679466726567877708e-07
2.689572943205866432e-07
2.699698495411318254e-07
2.709843386940276900e-07
2.720007621563224832e-07
2.735251281239220818e-07
2.750538262736157029e-07
2.765868578864497291e-07
2.781242242507754610e-07
2.796659266622728870e-07
2.812119664239804354e-07
2.826960540298048557e-07
2.841841188360435452e-07
2.856761620049086637e-07
2.871721847048691919e-07
2.886721881106693539e-07
2.901761734033467227e-07
2.915594447272245768e-07
2.929460692769309307e-07
2.943360479784299732e-07
2.957293817621974026e-07
2.971260715632311199e-07
2.985261183210628230e-07
2.999022095589541284e-07
3.012815303094936098e-07
3.026640814712477519e-07
3.040498639470203747e-07
3.054388786438641212e-07
3.068311264730907811e-07
3.082619557509434982e-07
3.096961857800526576e-07
3.111338175566866593e-07
3.125748520818724285e-07
3.140192903614076446e-07
3.154671334058742939e-07
3.171358118450546399e-07
3.188089930075880195e-07
3.204866784524987644e-07
3.221688697472620539e-07
3.238555684678313908e-07
3.251935223309358055e-07
3.265343006355285893e-07
3.278779041739423603e-07
3.292243337418738341e-07
3.305735901383912879e-07
3.319256741659408606e-07
3.329272271988555992e-07
3.339303269102328724e-07
3.349349736280347848e-07
3.359411676812424215e-07
3.369489093998568012e-07
3.379581991149012055e-07
3.390385471354717701e-07
3.401206639670654308e-07
3.412045500176118788e-07
3.422902056963899696e-07
3.433776314140275118e-07
3.444662551635696664e-07
3.455566479177353087e-07
3.466488100905555198e-07
3.477427420974089572e-07
3.488384443550263019e-07
3.499359172814962933e-07
3.511814292996066651e-07
3.524292152196612639e-07
3.536792756559908517e-07
3.549316112251794043e-07
3.561862225460713632e-07
3.574431102397785187e-07
3.590341339607069030e-07
3.606287925994146501e-07
3.622270874235890037e-07
3.638290197067404000e-07
3.654345907282196205e-07
3.670438017732348911e-07
3.690713878981011038e-07
3.711047280289393367e-07
3.731438247565764124e-07
3.751886806866203549e-07
3.772392984395127997e-07
3.792956806505842629e-07
3.810029542246895768e-07
3.827141841884658903e-07
3.844293720618094304e-07
3.861485193717068311e-07
3.878716276522533444e-07
3.895986984446687225e-07
3.914282697619324198e-07
3.932622705397444731e-07
3.947384251305745266e-07
3.962174389721882666e-07
3.976993130285664148e-07
3.991840482674047793e-07
4.006716456601551771e-07
4.021944276964725714e-07
4.037201993054156742e-07
4.052489615352483734e-07
4.067807154383458433e-07
4.083154620712166199e-07
4.098532024945385474e-07
4.116513948592937338e-07
4.134536669604811492e-07
4.152600205051011987e-07
4.170704572079393145e-07
4.188849787916003663e-07
4.207035869865380959e-07
4.225901427093116500e-07
4.244810798675963096e-07
4.263764004066268494e-07
4.282761062807346480e-07
4.301801994533766468e-07
4.320886818971595428e-07
4.336689062578445519e-07
4.352521297066024849e-07
4.368383533703942668e-07
4.384275783804910559e-07
4.400198058724822369e-07
4.416150369862860099e-07
4.433034722162267598e-07
4.449952619402921110e-07
4.463655118878296153e-07
4.477379561356022536e-07
4.491125954070757423e-07
4.504894304280356619e-07
4.518684619266034454e-07
4.533554786644888625e-07
4.548450426710983685e-07
4.563371548639765391e-07
4.578318161638243650e-07
4.593290274945087817e-07
4.608287897830807212e-07
4.627485906844705478e-07
4.646725588468549704e-07
4.666006962262416989e-07
4.685330047871874411e-07
4.704694865028292425e-07
4.724101433549123327e-07
4.747337347555875440e-07
4.770632896253426977e-07
4.793988113903241570e-07
4.817403034943998552e-07
4.840877693992184295e-07
4.864412125842708426e-07
4.884802438238394633e-07
4.905237456377039550e-07
4.925717203052244731e-07
4.946241701158407591e-07
4.966810973690998811e-07
4.987425043746812212e-07
5.007522940600867081e-07
5.027663280957178090e-07
5.047846086361113515e-07
5.068071378449818707e-07
5.088339178952470209e-07
5.108649509690504449e-07
5.130315383961378833e-07
5.152029497710017460e-07
5.173791877600561171e-07
5.195602550416924442e-07
5.217461543063139491e-07
5.239368882563701444e-07
5.270091797609318813e-07
5.300909424171436954e-07
5.325058266865905552e-07
5.349265030504354717e-07
5.373529751320365773e-07
5.397852465723040095e-07
5.422233210297497796e-07
5.446672021805307601e-07
5.465096009927322157e-07
5.483552899369057157e-07
5.502042705982000466e-07
5.520565445674815732e-07
5.539121134413457794e-07
5.557709788221287033e-07
5.578081084408975458e-07
5.598491865195150973e-07
5.618942151789193529e-07
5.639431965483735827e-07
5.655942974337903422e-07
5.672479585504634767e-07
5.689041810184793917e-07
5.705629659614233742e-07
5.722243145063973804e-07
5.742958613412870130e-07
5.763713841679223329e-07
5.784508851830165849e-07
5.805343665917827778e-07
5.826218306079669303e-07
5.847132794538815285e-07
5.878851854130549375e-07
5.910662259835511821e-07
5.942564089746166715e-07
5.968357115803158202e-07
5.994209689209093288e-07
6.020121851565879771e-07
6.046093644669660689e-07
6.072125110511307720e-07
6.098216291276969637e-07
6.122137109184845295e-07
6.146107969249439887e-07
6.170128904199954029e-07
6.194199946904037988e-07
6.218321130368177086e-07
6.242492487738077099e-07
6.267081282366557285e-07
6.291721851481822203e-07
6.316414230201329512e-07
6.341158453792101708e-07
6.365954557671148592e-07
6.390802577405921485e-07
6.419200062079146019e-07
6.447665151237559936e-07
6.476197898337357481e-07
6.504798357092198090e-07
6.533466581474069309e-07
6.562202625714143355e-07
6.591108602518545267e-07
6.620082990275826821e-07
6.649125844587398021e-07
6.678237221321033204e-07
6.707417176611726543e-07
6.736665766862597315e-07
6.761677868357209428e-07
6.786740020891605808e-07
6.811852259975160963e-07
6.837014621261157121e-07
6.862227140547167515e-07
6.887489853775468249e-07
6.912863258798917918e-07
6.938287170348625173e-07
6.963761625064985381e-07
6.989286659736124925e-07
7.014862311298335309e-07
7.040488616836479734e-07
7.070366378035112168e-07
7.100312810136245785e-07
7.130327972301712056e-07
7.160411923968871682e-07
7.190564724851518799e-07
7.220786434940811660e-07
7.254091941238592686e-07
7.287480890883283447e-07
7.320953364762297359e-07
7.354509444173846113e-07
7.388149210828432566e-07
7.421872746850374348e-07
7.450776351760771287e-07
7.479741321140809918e-07
7.508767707063765557e-07
7.537855561827159138e-07
7.567004937953429548e-07
7.596215888190627135e-07
7.625369400222426235e-07
7.654584092104683370e-07
7.683860016616476763e-07
7.713197226761614125e-07
7.742595775769316635e-07
7.772055717094925151e-07
7.806667310013550562e-07
7.841363421891173086e-07
7.876144140024143291e-07
7.911009552141484645e-07
7.945959746406468997e-07
7.980994811418208999e-07
8.014506483752762413e-07
8.048095598742354699e-07
8.081762234493493755e-07
8.115506469479238872e-07
8.149328382540476573e-07
8.183228052887187990e-07
8.213897892499550824e-07
8.244631224921519320e-07
8.275428109208195620e-07
8.306288604663242625e-07
8.337212770839810441e-07
8.367884054287041817e-07
8.398617832145806171e-07
8.429414162890222572e-07
8.460273105236262345e-07
8.491194718142607754e-07
8.522179060811664208e-07
8.557499059201262750e-07
8.592900384100227550e-07
8.628383123793572384e-07
8.663947366979524407e-07
8.699593202771131394e-07
8.735320720697802281e-07
8.772413931429037322e-07
8.809594976399719816e-07
8.846863956529341448e-07
8.884220973223539992e-07
8.921666128375898199e-07
8.959199524369738447e-07
8.995474787220094962e-07
9.031832282891517712e-07
9.068272104477187115e-07
9.104794345500186696e-07
9.133934207095833956e-07
9.163126431047568357e-07
9.192371065157287702e-07
9.221668157401518340e-07
9.251017755932265379e-07
9.282960391549050667e-07
9.314965108684127362e-07
9.347031969774625464e-07
9.379161037504513081e-07
9.411352374805501691e-07
9.443606044858067880e-07
9.499857291092604908e-07
9.541986755625711916e-07
9.584221823162727878e-07
9.626562635021475633e-07
9.669009333241839724e-07
9.711562060588680194e-07
9.754220960554547327e-07
9.787735751410547228e-07
9.821315944240269491e-07
9.854961609110283746e-07
9.888672816365810174e-07
9.922449636632193335e-07
9.958757308393955853e-07
9.995140658953297171e-07
1.003159977658301262e-06
1.006813474993083877e-06
1.010474566802104799e-06
1.014143262025594770e-06
1.018493095712671195e-06
1.022853597485682447e-06
1.027224782351724917e-06
1.031606665392998230e-06
1.035999261767128602e-06
1.040402586707471017e-06
1.044632279514244515e-06
1.048871851936909587e-06
1.053121317577884267e-06
1.057380690104463803e-06
1.061649983249076469e-06
1.065929210809530044e-06
1.070849633422172155e-06
1.074683035122001792e-06
1.078524365630381934e-06
1.082373634909159291e-06
1.086230852962244013e-06
1.090096029835812350e-06
1.093990888751274400e-06
1.097893816384404004e-06
1.101804823081336132e-06
1.105723919231968767e-06
1.109651115270127444e-06
1.113586421673765365e-06
1.119856433474981879e-06
1.124748409862229521e-06
1.129652842023517651e-06
1.134569750168936136e-06
1.139499154613849179e-06
1.144441075779361187e-06
1.149395534192763372e-06
1.154015196330583986e-06
1.158645739972945683e-06
1.163287181888586823e-06
1.167939538927088711e-06
1.171576838957588936e-06
1.175220801315028869e-06
1.178871434104432367e-06
1.182528745461203182e-06
1.186192743551274248e-06
1.190668237030488915e-06
1.195153693932870056e-06
1.199649129235445238e-06
1.204154557983501237e-06
1.208669995290900407e-06
1.213195456340354480e-06
1.218623569481954036e-06
1.224066081921245474e-06
1.229523020059785608e-06
1.234994410442679409e-06
1.240480279759268218e-06
1.245980654843798692e-06
1.251941466039949776e-06
1.256105578096286724e-06
1.260277962160899757e-06
1.264458629930405008e-06
1.268647593149032454e-06
1.272844863608924064e-06
1.277230312675963291e-06
1.281624820315234295e-06
1.286028400063157902e-06
1.290441065513480219e-06
1.294862830317511926e-06
1.299293708184378572e-06
1.307043880758837417e-06
1.312859269768170699e-06
1.318690266283744626e-06
1.324536901425926185e-06
1.330399206486609926e-06
1.336277212930042967e-06
1.342170952393666099e-06
1.348342391257396379e-06
1.353281735747030278e-06
1.358232079227677352e-06
1.363193440416678434e-06
1.368165838117025058e-06
1.373149291217824693e-06
1.378047087212561650e-06
1.382955551204916697e-06
1.387874701251795267e-06
1.392804555490906981e-06
1.397745132141083081e-06
1.402696449502658431e-06
1.411220010656149510e-06
1.416775637948785494e-06
1.422344714129782723e-06
1.427927265148255152e-06
1.433523317082568245e-06
1.439132896140910727e-06
1.444756028661878181e-06
1.451927644912172251e-06
1.456813147836122647e-06
1.461708835774682662e-06
1.466614726074618857e-06
1.471530836157111970e-06
1.476457183518210071e-06
1.481659297036991820e-06
1.486872817545546473e-06
1.492097765785783061e-06
1.497334162593229356e-06
1.502582028897457504e-06
1.507841385722511139e-06
1.515727242308789337e-06
1.522086227008370503e-06
1.528461933387327561e-06
1.534854398776271049e-06
1.541263660708136975e-06
1.547689756919209603e-06
1.554132725350200788e-06
1.561347524805497634e-06
1.566817458108563353e-06
1.572299503978960408e-06
1.577793685747620100e-06
1.583300026852057796e-06
1.588818550836971986e-06
1.594572245504157354e-06
1.600339176298199826e-06
1.606119370096232607e-06
1.611912853902932581e-06
1.617719654851086766e-06
1.623539800202210436e-06
1.631109934219928476e-06
1.638702631326608272e-06
1.646317952015562877e-06
1.652480616385302419e-06
1.658658088846407099e-06
1.664850401733719746e-06
1.671057587542562049e-06
1.677279678929304614e-06
1.683516708712233265e-06
1.689860999311619176e-06
1.696220740642737509e-06
1.702595967513865978e-06
1.708986714908150977e-06
1.715393017984849968e-06
1.721814912080524102e-06
1.731393142003939719e-06
1.741006042144172670e-06
1.748204202707043011e-06
1.755421796267059359e-06
1.762658872661853936e-06
1.769915482009580821e-06
1.777191674696120454e-06
1.784487501387797413e-06
1.791998093824146670e-06
1.799529489053260605e-06
1.805332558943218245e-06
1.811147977514654660e-06
1.816975770331344588e-06
1.822815963070273380e-06
1.828668581521663892e-06
1.835997950662973592e-06
1.843346805473738595e-06
1.850715196995654601e-06
1.858103176551616365e-06
1.865510795747165280e-06
1.872938106471938223e-06
1.880496074951796930e-06
1.888074433666955098e-06
1.895673237764903068e-06
1.903292542701455196e-06
1.910932404242476745e-06
1.918592878465663074e-06
1.925921955317941626e-06
1.933269901510092728e-06
1.940636766569056917e-06
1.948022600286145574e-06
1.955427452718493582e-06
1.962851374190515377e-06
1.974720092216744673e-06
1.984099136386104750e-06
1.993508501695898000e-06
2.002948290181099419e-06
2.012418604561370380e-06
2.020029986015321416e-06
2.027661091221287437e-06
2.035311974007813713e-06
2.042982688492980432e-06
2.050673289086027311e-06
2.058383830488985407e-06
2.065675972986525356e-06
2.072985956714277239e-06
2.080313828320217828e-06
2.087659634689322867e-06
2.095023422944824067e-06
2.102405240449490245e-06
2.112223970572775324e-06
2.122074613071840783e-06
2.131957280431950930e-06
2.141872085898310252e-06
2.151819143481494154e-06
2.161798567962918263e-06
2.171053463423798659e-06
2.180336213687496067e-06
2.187699244124712518e-06
2.195079809439568894e-06
2.202477955897175874e-06
2.209893729991588674e-06
2.217327178447092839e-06
2.226851924368311846e-06
2.236405706699755981e-06
2.245988624601556865e-06
2.255600777862744364e-06
2.265242266905507167e-06
2.274913192789628696e-06
2.283959485878841532e-06
2.293031556146199176e-06
2.302129487098600009e-06
2.311253362738235608e-06
2.320403267565786607e-06
2.329579286583622360e-06
2.338790225298201300e-06
2.348027499576684723e-06
2.357291196192510794e-06
2.366581402435799732e-06
2.375898206116701278e-06
2.385241695568762928e-06
2.396231173240992656e-06
2.407257604557648126e-06
2.418321134696611757e-06
2.429421909853274463e-06
2.440560077248349953e-06
2.451735785135739855e-06
2.462739451242819156e-06
2.471399582594712136e-06
2.480082219748263572e-06
2.488787432146206717e-06
2.497515289607322726e-06
2.506265862328773807e-06
2.517324100544279855e-06
2.528418656064253511e-06
2.539549671912455943e-06
2.550717292092372791e-06
2.561921661594624432e-06
2.573162926404604948e-06
2.583467250047631960e-06
2.593802616026231140e-06
2.604169137935025851e-06
2.614566930082645878e-06
2.624996107496757533e-06
2.635456785929108587e-06
2.646241694421969806e-06
2.657060133009924742e-06
2.667912229811619034e-06
2.678798113777178474e-06
2.689717914694259786e-06
2.700671763194145026e-06
2.712384716905339837e-06
2.724136660634307287e-06
2.735927755775015159e-06
2.747758164843536018e-06
2.759628051486837712e-06
2.771537580491649697e-06
2.782442044968033591e-06
2.793379796947499728e-06
2.804350964237537041e-06
2.815355675460614412e-06
2.826394060060078144e-06
2.837466248306074831e-06
2.855283599097265125e-06
2.868836237798428516e-06
2.882439432859345444e-06
2.896093424746742520e-06
2.909798455802942424e-06
2.923554770262535627e-06
2.937362614269238467e-06
2.947377794061496350e-06
2.957420133169736431e-06
2.967489726510468393e-06
2.977586669537721406e-06
2.987711058247173833e-06
3.000573267718636543e-06
3.013479853846190684e-06
3.026431015444753183e-06
3.039426952763535835e-06
3.052467867498108744e-06
3.065553962802697122e-06
3.078230450672635369e-06
3.090949423613668328e-06
3.103711068351854045e-06
3.116515572922307801e-06
3.129363126679843806e-06
3.142253920309684241e-06
3.155685931132632250e-06
3.169164991727842531e-06
3.182691320243979685e-06
3.196265136428685444e-06
3.209886661642182439e-06
3.223556118871008845e-06
3.237436382747714697e-06
3.251366184394906723e-06
3.265345759982986786e-06
3.279375347446543418e-06
3.293455186499713188e-06
3.307585518651705542e-06
3.321211367454248425e-06
3.334884281605795085e-06
3.348604480155807217e-06
3.362372183737488488e-06
3.376187614581192219e-06
3.390050996527955701e-06
3.406416441506897907e-06
3.422848886872158231e-06
3.439348705412525597e-06
3.455916273113661947e-06
3.472551969190335237e-06
3.489256176119031896e-06
3.503734844285162314e-06
3.518265128381788216e-06
3.532847280606782918e-06
3.547481555040234941e-06
3.562168207661918067e-06
3.582704489043559620e-06
3.603343511422813703e-06
3.618986076956297116e-06
3.634687856434670735e-06
3.650449160035670938e-06
3.666270300396383252e-06
3.682151592636408284e-06
3.698093354381063645e-06
3.711887156355834287e-06
3.725726355536496862e-06
3.739611160072552170e-06
3.753541779547689996e-06
3.767518424991510355e-06
3.781541308891390421e-06
3.801862020697218071e-06
3.822280142637570154e-06
3.838779008430877688e-06
3.855341698546516269e-06
3.871968560092932041e-06
3.888659942991137276e-06
3.905416200001929773e-06
3.922237686753454466e-06
3.937539821825803256e-06
3.952896099923885328e-06
3.968306792010740218e-06
3.983772171056888253e-06
3.999292512058127557e-06
4.014868092053566541e-06
4.034127625515913150e-06
4.053471899705082136e-06
4.072901445224814882e-06
4.092416797570916971e-06
4.112018497185496243e-06
4.131707089511875098e-06
4.149553182891845059e-06
4.167470924238891559e-06
4.185460725365903551e-06
4.203523001548515213e-06
4.221658171560191752e-06
4.239866657707763278e-06
4.261342730756954346e-06
4.282921185637454321e-06
4.304602725246510176e-06
4.326388059503581182e-06
4.348277905435176882e-06
4.370272987260890231e-06
4.389477525975505575e-06
4.408762611739004101e-06
4.428128733715829182e-06
4.447576385366569372e-06
4.467106064493684629e-06
4.486718273287844103e-06
4.509223333071814631e-06
4.531837509067037547e-06
4.554561571344013137e-06
4.577396297794993798e-06
4.600342474230555109e-06
4.623400894477554345e-06
4.644244376965502760e-06
4.665179966040257985e-06
4.686208256964385556e-06
4.707329850507063870e-06
4.728545353006112406e-06
4.749855376430900859e-06
4.773245754092892462e-06
4.796750502402240471e-06
4.820370442982013338e-06
4.844106405866946870e-06
4.867959229608595751e-06
4.891929761382040213e-06
4.914696675133139648e-06
4.937570253467787861e-06
4.960551233648800145e-06
4.983640360167157610e-06
5.006838384828680682e-06
5.030146066841989234e-06
5.054578192091817043e-06
5.079131365967534774e-06
5.103806476763190597e-06
5.128604421981616486e-06
5.153526108451454295e-06
5.178572452445962294e-06
5.203647807169565751e-06
5.228848710691492822e-06
5.254176097482237488e-06
5.279630911798610010e-06
5.305214107809592475e-06
5.330926649724161996e-06
5.356629674836662252e-06
5.382462586019116840e-06
5.408426362277237572e-06
5.434521992960456126e-06
5.460750477896372737e-06
5.487112827527318239e-06
5.515221161307943214e-06
5.543482467339774966e-06
5.571897991457988156e-06
5.600468993672480277e-06
5.629196748366648260e-06
5.658082544499472753e-06
5.686668140984118621e-06
5.715409350876745786e-06
5.744307445604710381e-06
5.773363711059216747e-06
5.802579447801411563e-06
5.832229505082481128e-06
5.862044716934600009e-06
5.892026467235719166e-06
5.922176155963587040e-06
5.952495199422455379e-06
5.982985030482124641e-06
6.014604632245760521e-06
6.046408972962157615e-06
6.078399680537857250e-06
6.110578402743731133e-06
6.142946807517609285e-06
6.175765162668823844e-06
6.208779681575970593e-06
6.241992136210337734e-06
6.275404320649187741e-06
6.309018051410135485e-06
6.342835167804317766e-06
6.381294333973393200e-06
6.420018288038541483e-06
6.450582907183119688e-06
6.481313521495654373e-06
6.512211496775104046e-06
6.543278214261086528e-06
6.574515070861953580e-06
6.617914146724827325e-06
6.661643847512448381e-06
6.695777978422262724e-06
6.730114957500987053e-06
6.764656615212601526e-06
6.799404804686361518e-06
6.834361402067945289e-06
6.869528306872713313e-06
6.904320833469860807e-06
6.939320483814274446e-06
6.974529132956513755e-06
7.009948679189283574e-06
7.045581044405326644e-06
7.081428174462037418e-06
7.124711548288041721e-06
7.168310189559638111e-06
7.212227597256303919e-06
7.247174131313366734e-06
7.282323878656079682e-06
7.317678639591829077e-06
7.353240236164825003e-06
7.389010512506949979e-06
7.436470652457844734e-06
7.484300764505607818e-06
7.532505250954396568e-06
7.581088585560892222e-06
7.630055314974197489e-06
7.679410060234210725e-06
7.724580277421636107e-06
7.770078075986119705e-06
7.815907084934553331e-06
7.862070987994788075e-06
7.908573524647516945e-06
7.955418491181042646e-06
8.007663972177089782e-06
8.060338858883533150e-06
8.113448549575148010e-06
8.155023502825232623e-06
8.196866952866400149e-06
8.238981550460283215e-06
8.281369981823711037e-06
8.324034969267417994e-06
8.378242283661310660e-06
8.432899499935902118e-06
8.488012334287112768e-06
8.543586601444010250e-06
8.599628216780867471e-06
8.656143198523659710e-06
8.713000000674340982e-06
8.770340174402327897e-06
8.828170014136711426e-06
8.886495925376589896e-06
8.945324427148020196e-06
9.004662154524530326e-06
9.072181013833422597e-06
9.126377372545236018e-06
9.181000236766333013e-06
9.236054747736554258e-06
9.291546130470234728e-06
9.347479695483842591e-06
9.414103543698304166e-06
9.481360513853875056e-06
9.549259830859032404e-06
9.617810901395174857e-06
9.687023318350120065e-06
9.756906865483814571e-06
9.823863113966343043e-06
9.891441596036690479e-06
9.959651177147704697e-06
1.002850089336749155e-05
1.009799995550171082e-05
1.016815775333699276e-05
1.025296427334154171e-05
1.032093561036032606e-05
1.038952795350235944e-05
1.045874999993726580e-05
1.052861061105020527e-05
1.059911881635716367e-05
1.067832005047287435e-05
1.075834686578434154e-05
1.083921246079679310e-05
1.092093031864287089e-05
1.100351421466478182e-05
1.108697822446172750e-05
1.117168305963434527e-05
1.125730459592132327e-05
1.134385804725644589e-05
1.143135896798256442e-05
1.151982326243101961e-05
1.160926719482662302e-05
1.172166503455719515e-05
1.180446576184570481e-05
1.188810981622453803e-05
1.197261035962021990e-05
1.205798083011419500e-05
1.214423494944013627e-05
1.224717177839539513e-05
1.235138211878510103e-05
1.245689013196404377e-05
1.256372059685230260e-05
1.267189892955645786e-05
1.278145120420971685e-05
1.290515105575668304e-05
1.303062742952446384e-05
1.315791946782854163e-05
1.326058609365326483e-05
1.336444994962342570e-05
1.346953241768298101e-05
1.357585539364443387e-05
1.368344130270829852e-05
1.379231311560270661e-05
1.396324880425025165e-05
1.409210267946385919e-05
1.422276607012026466e-05
1.435527791218609307e-05
1.448967826986001902e-05
1.462600837664646838e-05
1.476431067837781589e-05
1.491879787490626926e-05
1.507578512945500269e-05
1.523533445511162687e-05
1.539750993787654051e-05
1.556237782401565263e-05
1.573000661179163668e-05
1.587608067743899814e-05
1.602428534568023832e-05
1.617466816997164712e-05
1.632727813219877176e-05
1.648216569670444046e-05
1.663938286688959443e-05
1.686140789894162334e-05
1.702400163623574492e-05
1.718910083856777229e-05
1.735676455815952761e-05
1.752705371617711258e-05
1.770003117900593735e-05
1.789028584357710646e-05
1.808384840884358873e-05
1.828080687127032336e-05
1.848125237969964300e-05
1.868527937560389711e-05
1.889298574530047780e-05
1.916479408186562945e-05
1.938912499884015657e-05
1.961778132294987316e-05
1.985089064257090921e-05
2.008858561929207799e-05
2.033100424242769379e-05
2.057829009948957801e-05
2.092900641922757187e-05
2.120149146222564444e-05
2.147993188882842491e-05
2.176452686784910299e-05
2.205548455627236290e-05
2.235302261093826916e-05
2.265736873830001907e-05
2.313980723151607389e-05
2.347342404592339581e-05
2.381527651299539754e-05
2.416567582294789032e-05
2.452494904882270834e-05
2.489344017117769194e-05
2.527151119196968060e-05
2.572567687673491077e-05
2.610277854909193038e-05
2.648951616088592403e-05
2.688626634103946682e-05
2.729342561269243293e-05
2.771141172266401145e-05
2.814066508445173682e-05
2.868429364542983585e-05
2.924655776219691689e-05
2.971197742496004465e-05
3.019057152839830824e-05
3.068291064902173461e-05
3.118959879334117354e-05
3.171127588166817941e-05
3.224862047241473995e-05
3.286726069686069402e-05
3.350735001326536974e-05
3.417002899979816811e-05
3.485652058816679906e-05
3.556813764089602467e-05
3.630629136676107542e-05
3.707989606297666202e-05
3.788377517990014487e-05
3.871974848869307642e-05
3.958978462516991355e-05
4.049601662957317275e-05
4.144075947177205504e-05
4.269217417076764926e-05
4.365164288116036770e-05
4.465142522110249337e-05
4.569412464274075610e-05
4.678257357072029778e-05
4.791985910591382939e-05
4.910935251556768072e-05
5.081640467575440938e-05
5.263709908507416149e-05
5.458320211207839153e-05
5.666816285653193051e-05
5.890742599764752077e-05
6.057567073826888344e-05
6.233506288139687226e-05
6.419329878758850232e-05
6.615896396250275555e-05
6.824166627002218536e-05
7.045219498950964175e-05
7.251269343848257883e-05
7.469085381175369787e-05
7.699706512257502484e-05
7.944297587512611273e-05
8.204169118125212120e-05
8.480800845470887563e-05
8.732250073701682122e-05
8.998399250863145602e-05
9.280577660201131264e-05
9.580279730886519956e-05
9.899191528630216859e-05
1.023922260757704410e-04
1.054073180058446820e-04
1.085988158838014571e-04
1.119826810787671954e-04
1.155768587194799698e-04
1.194015961841889351e-04
1.234798263068058444e-04
1.271182272234310548e-04
1.309710144332122922e-04
1.350577239370427229e-04
1.394003376603140162e-04
1.440236791229062533e-04
1.489558900322511190e-04
1.533648071062860651e-04
1.580361019089612123e-04
1.629939260767919961e-04
1.682654866751892055e-04
1.738815457841912224e-04
1.798770233675829600e-04
1.852396873336476998e-04
1.909252695276907671e-04
1.969638546605495034e-04
2.033893810288281184e-04
2.102402787412125317e-04
2.175602416285875784e-04
2.241062732037215125e-04
2.310516715815270916e-04
2.384341467614097074e-04
2.462963063599986368e-04
2.546864784485632191e-04
2.636597092957475340e-04
2.725000958751030598e-04
2.819454328273678307e-04
2.920600288723424701e-04
3.029176394056057602e-04
3.146032679079806813e-04
3.272153988829130857e-04
3.374169907301110649e-04
3.482678972735311690e-04
3.598321767478748334e-04
3.721825816407177217e-04
3.854020917301576705e-04
3.995857941154029830e-04
4.119486679074492170e-04
4.250938286967453710e-04
4.390979749106294940e-04
4.540481574458688700e-04
4.700435914163814837e-04
4.871978699357691774e-04
5.023689287060855574e-04
5.185079732184533913e-04
5.357107226142114207e-04
5.540859325117239312e-04
5.737576964006934482e-04
5.948682621576889193e-04
6.134794956927281826e-04
6.332856131887990318e-04
6.544055308504318023e-04
6.769744678088420115e-04
7.011468439826724170e-04
7.270998315617012648e-04
7.499135169149683498e-04
7.741978735835092565e-04
8.000998818032445436e-04
8.277867593459198618e-04
8.574495751756807749e-04
8.893076822325922393e-04
9.172598362277501523e-04
9.470188174321240429e-04
9.787657098652968995e-04
1.012706602737053563e-03
1.049077069025733952e-03
1.088147662583046184e-03
1.122384646832768262e-03
1.158838694928714108e-03
1.197732419046320393e-03
1.239319229654021071e-03
1.283888862784375584e-03
1.331774167069206755e-03
1.373699849990733758e-03
1.418343698538582958e-03
1.465978973103044267e-03
1.516916786859336033e-03
1.571512908074852027e-03
1.630176115005385964e-03
1.681509928543722032e-03
1.736174457652961585e-03
1.794504812609020589e-03
1.856882562398567190e-03
1.923744090830586994e-03
1.995590861682992097e-03
2.058438537315382399e-03
2.125366107308150274e-03
2.196784278794357628e-03
2.273160729497016811e-03
2.355030360480188378e-03
2.443007892711068774e-03
2.519947903105980002e-03
2.601884403558991834e-03
2.689320554516688461e-03
2.782829337603737185e-03
2.883066125996697551e-03
2.990784129644392247e-03
3.084973482891092099e-03
3.185280990469914822e-03
3.292322922643847478e-03
3.406801088653494802e-03
3.529518241070330083e-03
3.661397004158563079e-03
3.776700771270844088e-03
3.899495485073688900e-03
4.030535828540764663e-03
4.170681254535799423e-03
4.320914857004782596e-03
4.482366560162371998e-03
4.623516468551283967e-03
4.773837603261605125e-03
4.934254046551449224e-03
5.105818184449963798e-03
5.289733820070668079e-03
5.487384576354464687e-03
5.660173175701698096e-03
5.844189741313580468e-03
6.040565695734909264e-03
6.250589568395199802e-03
6.475735300522227587e-03
6.717697028266908683e-03
6.929215403508723684e-03
7.154479364748255951e-03
7.394874126724021099e-03
7.651977265795030861e-03
7.927593379067668020e-03
8.223796676669406502e-03
8.482725460905931464e-03
8.758481662504211465e-03
9.052761157191809363e-03
9.367495335756766128e-03
9.704893540829512277e-03
1.006749521762499711e-02
1.038446085151695057e-02
1.072202643235884746e-02
1.108226811630518005e-02
1.146755039792756066e-02
1.188057806733091443e-02
1.232446006101768632e-02
1.271247090531105184e-02
1.312569975628832819e-02
1.356668827758154665e-02
1.403833113253244100e-02
1.454393959506749580e-02
1.508731972255091501e-02
1.556229992987581516e-02
1.606815126601213173e-02
1.660798523434164203e-02
1.718534549100621256e-02
1.780428572126225087e-02
1.846946534399329307e-02
1.905090842102552182e-02
1.967014282572734571e-02
2.033097762092935662e-02
2.103775091566355629e-02
2.179542520421096780e-02
2.260970453149376350e-02
2.332147336159941936e-02
2.407950480929158324e-02
2.488846184535940809e-02
2.575365509727012281e-02
2.668115956481700163e-02
2.767795805639777784e-02
2.854926425738962131e-02
2.947720312922740699e-02
3.046748294459779988e-02
3.152660482829269806e-02
3.266200564068183487e-02
3.388223357307406508e-02
3.494883635889767248e-02
3.608476622948540019e-02
3.729701105341454159e-02
3.859352929066447307e-02
3.998342490909070207e-02
4.147716234688410275e-02
4.278283625120628264e-02
4.417337702308681002e-02
4.565733893929514731e-02
4.724446444620696017e-02
4.894589828921317581e-02
5.077445066608420737e-02
5.237278200566364283e-02
5.407500313537332709e-02
5.589158583954436516e-02
5.783445641884187721e-02
5.991725782187526383e-02
6.215567179107081563e-02
6.411225793846557497e-02
6.619602066470385571e-02
6.841977905814408678e-02
7.079813276995794435e-02
7.334778290727884953e-02
7.608792639431974369e-02
7.848306796101793548e-02
8.103389247981712673e-02
8.375609247562423865e-02
8.666754016369555835e-02
8.978868027531708429e-02
9.314301282067952159e-02
9.607500952929748372e-02
9.919758511526531597e-02
1.025299496065329580e-01
1.060939813115284874e-01
1.099147077007357753e-01
1.140208963862077846e-01
1.176100811649483657e-01
1.214325624636442280e-01
1.255118562411375316e-01
1.298747448415117911e-01
1.345518656687449410e-01
1.395784346390194774e-01
1.439721119829148466e-01
1.486513783521131171e-01
1.536450207785342581e-01
1.589858248444427913e-01
1.647112953110020928e-01
1.708645417360339924e-01
1.762430332701472591e-01
1.819711273131946749e-01
1.880840634380213650e-01
1.946219760412175870e-01
2.016307765019861586e-01
2.091632373130223044e-01
2.157472849551733407e-01
2.227592970660903782e-01
2.302424120949427278e-01
2.382457604894239467e-01
2.468255445925673086e-01
2.560463657843204399e-01
2.641061883579647329e-01
2.726899017882262743e-01
2.818503138954656650e-01
2.916475676000434558e-01
3.021504628790631086e-01
3.134380813885690453e-01
3.233044642807217373e-01
3.338121656154471317e-01
3.450258298950573677e-01
3.570190808673287530e-01
3.698761397973487353e-01
3.836938142477039348e-01
3.957716858880972466e-01
4.086346240672459884e-01
4.223617630612852003e-01
4.370432290571823475e-01
4.527821211563395898e-01
4.696969459346234665e-01
4.844820037413709590e-01
5.002280971853716451e-01
5.170320982246974229e-01
5.350043345417806462e-01
5.542710145876758032e-01
5.749772078469570502e-01
5.930762536715006306e-01
6.123517468561705535e-01
6.329222728666840103e-01
6.549228889602077830e-01
6.785080927979679766e-01
7.038554707341709848e-01
7.260112962407241355e-01
7.496072614578486171e-01
7.747885318987151049e-01
8.017204368903354528e-01
8.305921035769453509e-01
8.616209229424510729e-01
8.887428462296388387e-01
9.176277088634254842e-01
9.484532145166382211e-01
9.814217503111110075e-01
1.016764835369631470e+00
1.054748587882071265e+00
1.087949727299400760e+00
1.123308958891224174e+00
1.161043817648042209e+00
1.201402054680581033e+00
1.244667082899418853e+00
1.291164669495740602e+00
1.331807695459784835e+00
1.375092544220525737e+00
1.421285511062932772e+00
1.470689880371924385e+00
1.523652591980747095e+00
1.580572433792977405e+00
1.630325400344777353e+00
1.683312344631909818e+00
1.739859251397060769e+00
1.800337385541789237e+00
1.865171452716070544e+00
1.934849628330029159e+00
1.995754278273845550e+00
2.060617762161203625e+00
2.129839129058199276e+00
2.203872856850320083e+00
2.283238841833038713e+00
2.368534675492595554e+00
2.443090631188431949e+00
2.522492757157018151e+00
2.607229545013584726e+00
2.697857338887754697e+00
2.795012564073831030e+00
2.899426755461196326e+00
2.990694199783934693e+00
3.087894086474739730e+00
3.191624404707761986e+00
3.302566205887790929e+00
3.421498573503076734e+00
3.549317020372802389e+00
3.661041598968727939e+00
3.780028351681887333e+00
3.907009304889105028e+00
4.042818165386345086e+00
4.188408645737201397e+00
4.344876985223211641e+00
4.481644244315033276e+00
4.627301485979789852e+00
4.782744821207209007e+00
4.948994833467479815e+00
5.127219011851588348e+00
5.318759320217610664e+00
5.486182739828095123e+00
5.664488849747515431e+00
5.854774629804292196e+00
6.058289434033281573e+00
6.276462452300319406e+00
6.510936459594296011e+00
6.715885330877162218e+00
6.934155966383327652e+00
7.167091193010384664e+00
7.416220359086671543e+00
7.683292950084264383e+00
7.970319900592994777e+00
8.221208223768110557e+00
8.488404498295521350e+00
8.773552568023285758e+00
9.078524611685274692e+00
9.405462294585115401e+00
9.756827342111421331e+00
1.006395056539503585e+01
1.039103702568176502e+01
1.074009901730147121e+01
1.111342834784502642e+01
1.151364671325649880e+01
1.194376760675644888e+01
1.231972934387141372e+01
1.272012877512482198e+01
1.314742920867464981e+01
1.360443611170531852e+01
1.409435877636027712e+01
1.462088610311834280e+01
1.508112409827577949e+01
1.557127824538375371e+01
1.609436412757541390e+01
1.665381620614525460e+01
1.725356331375574470e+01
1.789812143216584062e+01
1.846151586614249851e+01
1.906153145664188386e+01
1.970185962526292656e+01
2.038670454399143850e+01
2.112087554655546029e+01
2.190990069651741834e+01
2.259958157273900525e+01
2.333409261947035773e+01
2.411795276325231896e+01
2.495630862775144010e+01
2.585504765907936786e+01
2.682093715612440477e+01
2.766518029949730817e+01
2.856429852426332516e+01
2.952382309747519074e+01
3.055005357400909816e+01
3.165019625798782954e+01
3.283253436404097414e+01
3.386602771779642040e+01
3.496669880910360462e+01
3.614131913843412036e+01
3.739760078594810722e+01
3.874436592963590442e+01
4.019175517023447242e+01
4.145692559333542704e+01
4.280433461602124368e+01
4.424227205845217270e+01
4.578017924345932244e+01
4.742885652677682629e+01
4.920071834904223351e+01
5.074942216050776267e+01
5.239879120797305490e+01
5.415897236497364275e+01
5.604152190962297908e+01
5.805965953565493720e+01
6.022858050933903939e+01
6.212448411851075036e+01
6.414362569401380654e+01
6.629842793098482900e+01
6.860303911302929691e+01
7.107364410381782704e+01
7.372884656035827788e+01
7.604958967679482384e+01
7.852117768679643461e+01
8.115881522962882855e+01
8.397981883147056692e+01
8.700399750217279404e+01
9.025412047656358538e+01
9.309505984249027222e+01
9.612065845823910593e+01
9.934952954999936026e+01
1.028028717163631995e+02
1.065049348758393251e+02
1.104835928741375426e+02
1.139614465621357340e+02
1.176653686404793859e+02
1.216181472471416782e+02
1.258457359518554881e+02
1.303778243223002562e+02
1.352485390115004407e+02
1.395064384680392493e+02
1.440411433357393776e+02
1.488805596243995524e+02
1.540564701589489118e+02
1.596052333829054817e+02
1.655686421735085219e+02
1.707805147585268060e+02
1.763311725653000792e+02
1.822547660591937699e+02
1.885901894521564941e+02
1.953819357277296263e+02
2.026811473351968687e+02
2.090615962692544088e+02
2.158568123413269007e+02
2.231086077423969130e+02
2.308646029718524915e+02
2.391792735999046045e+02
2.481152369416707586e+02
2.559243188270517635e+02
2.642409268703304974e+02
2.731162129723697944e+02
2.826084330323195104e+02
2.927842267692946621e+02
3.037201910989637099e+02
3.132775896909264475e+02
3.234560218475278930e+02
3.343180670979502906e+02
3.459349942571710699e+02
3.583883265520139503e+02
3.717717656148846572e+02
3.834705256772667781e+02
3.959294606789427462e+02
4.092251693699821544e+02
4.234448865253862095e+02
4.386883994621184684e+02
4.550704026003557487e+02
4.693971736743225165e+02
4.846553389022714668e+02
5.009387993976520761e+02
5.183545014163227052e+02
5.370247867235449348e+02
5.570902830545988991e+02
5.746175508919012600e+02
5.932835245296212179e+02
6.132029229451704850e+02
6.345063913379734686e+02
6.573433713649635592e+02
6.818856255812943346e+02
7.033608135540517878e+02
7.262326460963920454e+02
7.506419778013005271e+02
7.767492403440917315e+02
8.047379751036357902e+02
8.348191705257984268e+02
8.611217332185665327e+02
8.891356177849376081e+02
9.190334944803848884e+02
9.510120430027216116e+02
9.852962847091748699e+02
1.022144906363011387e+03
1.054331092413759052e+03
1.088610168253850588e+03
1.125193175512161588e+03
1.164320481629105188e+03
1.206267068092480486e+03
1.251349028466554046e+03
1.290747764912461662e+03
1.332708067120157011e+03
1.377488198172750344e+03
1.425382304855059374e+03
1.476726890778509642e+03
1.531908764146520980e+03
1.580169604994281599e+03
1.631570132264927906e+03
1.686427089861119839e+03
1.745101261635044466e+03
1.808005425743303249e+03
1.875614113396893572e+03
1.934752180294312211e+03
1.997740859972183898e+03
2.064968973768493470e+03
2.136879452934437722e+03
2.213979112608188643e+03
2.296850659677209933e+03
2.369208259339788583e+03
2.446273077450182882e+03
2.528519986747281109e+03
2.616489882944799319e+03
2.710801608992354431e+03
2.812166586056160668e+03
2.900824016253397531e+03
2.995253512414270062e+03
3.096037809516523339e+03
3.203840734399692337e+03
3.319421877878049145e+03
3.443654572575080238e+03
3.552369093399875055e+03
3.668171458762290968e+03
3.791778313236062786e+03
3.924006175710132084e+03
4.065789516902827927e+03
4.218202952053387889e+03
4.351222700390314458e+03
4.492904858458621675e+03
4.644124355733522862e+03
4.805877882458355998e+03
4.979305827191490607e+03
5.165719340830162764e+03
5.327921002649453840e+03
5.500638896808251047e+03
5.684930243692976546e+03
5.881998703866665892e+03
6.093220715044429198e+03
6.320177820046434135e+03
6.519152048289723098e+03
6.731061674951734858e+03
6.957210807403471335e+03
7.199084728598819311e+03
7.458382536861906374e+03
7.737057285498694000e+03
7.980487084650413635e+03
8.239732469915632464e+03
8.516386716416880517e+03
8.812264314261947220e+03
9.129440909541237488e+03
9.470302218086444555e+03
9.769210120967080002e+03
1.008760234056776244e+04
1.042744794493586778e+04
1.079099044792357745e+04
1.118079782735096887e+04
1.159982327910952336e+04
1.196885018479927021e+04
1.236212711674369893e+04
1.278212684470773456e+04
1.323166962024018721e+04
1.371398609332431806e+04
1.423279558125804579e+04
1.467811488118436682e+04
1.515220089627240486e+04
1.565793442973898163e+04
1.619859373100894663e+04
1.677792595003318638e+04
1.740023439748503370e+04
1.794966980699911073e+04
1.853493387468201399e+04
1.915965047376423900e+04
1.982794859369207188e+04
2.054455342364075477e+04
2.131489878272572969e+04
2.198420719672780615e+04
2.269690724087935087e+04
2.345736408004647456e+04
2.427054705992534946e+04
2.514213647943473916e+04
2.607865808454507351e+04
2.688370432671567323e+04
2.774003897585411323e+04
2.865272416217625869e+04
2.962751017481697636e+04
3.067095806289293978e+04
3.179058768816661541e+04
3.279973478997979691e+04
3.387505708167138073e+04
3.502328020424152055e+04
3.625207390321952698e+04
3.757022688563161500e+04
3.898785613516951707e+04
4.024685943293746823e+04
4.158988478701415443e+04
4.302563687677241978e+04
4.456406441831505072e+04
4.621658967301253142e+04
4.799639386322900100e+04
4.950587379243977193e+04
5.111339271251660830e+04
5.282881690572183288e+04
5.466338254701103870e+04
5.662994766250837711e+04
5.874329268393101665e+04
6.064021462624778360e+04
6.266373760168713488e+04
6.482697220086897141e+04
6.714490372321860923e+04
6.963474140739974973e+04
7.231634639612381579e+04
7.461717936432258284e+04
7.706919776032825757e+04
7.968783532036401448e+04
8.249069153788934636e+04
8.549791345458218711e+04
8.873269025339423388e+04
9.143194715858876589e+04
9.430052576042767032e+04
9.735491599213774316e+04
1.006138058324431040e+05
1.040984420510282362e+05
1.078331097129506234e+05
1.110162521515608387e+05
1.143931339844846516e+05
1.179819338950372039e+05
1.218031910648672056e+05
1.258802453891228797e+05
1.302396941949824541e+05
1.356220552233202907e+05
1.394038211310626066e+05
1.434026037577218958e+05
1.476375961053055653e+05
1.521303295166759344e+05
1.569050693615499476e+05
1.619892418958630005e+05
1.633428429178519291e+05
1.642870000529576209e+05
1.652422372087262629e+05
1.662086469774537545e+05
1.671863942237046722e+05
1.681757059107022942e+05
1.691768109311993758e+05
1.702913831612865324e+05
1.714205116092684621e+05
1.725646325401540671e+05
1.737241549483830458e+05
1.748993983133313304e+05
1.764067259094442124e+05
1.779401709807718580e+05
1.795004749793412047e+05
1.810883854319278034e+05
1.851783201980569575e+05
1.894576706556149584e+05
1.923821221220200241e+05
1.953984056788521411e+05
1.985108238973601547e+05
2.017239986677657289e+05
2.051127815137740690e+05
2.086172267697789357e+05
2.122434605215014599e+05
2.159980076653696306e+05
2.198878008346348943e+05
2.248346540885728609e+05
2.300091361861213809e+05
2.354273772249349277e+05
2.411070574485502730e+05
2.470675712418002659e+05
2.515580734909793246e+05
2.562148126322998432e+05
2.610472067986906331e+05
2.660653944132106262e+05
2.712802989406784181e+05
2.767037144604019122e+05
2.820148937798932311e+05
2.875337589899161248e+05
2.932728698592401342e+05
2.992457876353056054e+05
3.054670956809343188e+05
3.119525711997202598e+05
3.187726783848119085e+05
3.258976154066565796e+05
3.333483271960319253e+05
3.411476995035114815e+05
3.493207890469490085e+05
3.584611355489329435e+05
3.651349245683063054e+05
3.720619825904078316e+05
3.792570444211825379e+05
3.867358921738230274e+05
3.945155995554433903e+05
4.026147087917971658e+05
4.097666976156660821e+05
4.171772242715032771e+05
4.248606651622463833e+05
4.328324651505037327e+05
4.411091708512880723e+05
4.497085819004080840e+05
4.596728538977791322e+05
4.663760821777962847e+05
4.704951043730909005e+05
4.746874137355036219e+05
4.789552788376830867e+05
4.833006740751155303e+05
4.877256064291354851e+05
4.939625756650752737e+05
5.003610484499923768e+05
5.069274405192142585e+05
5.136684776930969674e+05
5.240102531642132672e+05
5.312655535680528264e+05
5.387246495579615002e+05
5.463963413314884529e+05
5.542897310467672069e+05
5.624144862190519925e+05
5.681623582822647877e+05
5.695186708649822976e+05
5.708812713822411606e+05
5.722503493379729334e+05
5.736260529940483393e+05
5.750084218628798844e+05
5.763974586061039008e+05
5.784806063780692639e+05
5.789647396613697056e+05
5.792422996768369339e+05
5.795205469691110775e+05
5.797993427921787370e+05
5.800784044784106081e+05
5.803576427353847539e+05
5.806521137947388925e+05
5.809466684627874056e+05
5.812414624757581623e+05
5.815365687306154286e+05
