3.001089109966867063e+00
3.001083107434084241e+00
3.001077104915940374e+00
3.001017081023473754e+00
3.000957058598324512e+00
3.000772465278358503e+00
3.000587885690689571e+00
3.000403320160699217e+00
2.999894011190140208e+00
2.999384810203183704e+00
2.998875717231367144e+00
2.995270919209387817e+00
2.991671534497490903e+00
2.988077553733301528e+00
2.979293808523637566e+00
2.970542310492314986e+00
2.961822916337707223e+00
2.953135484065040561e+00
2.921830118296070644e+00
2.890938394425606184e+00
2.860453765653595326e+00
2.830369811533161695e+00
2.723876622048072793e+00
2.622344001163010585e+00
2.525497392376006456e+00
2.433079728381997597e+00
2.344850164637483303e+00
2.253191520587568331e+00
2.165967100828009251e+00
2.082921950216984008e+00
2.003818054076721200e+00
1.928433090361612701e+00
1.856559246227446502e+00
1.751837259183041562e+00
1.654394407209843987e+00
1.563631880413659525e+00
1.479007565611565322e+00
1.400030045834628645e+00
1.326253220316355508e+00
1.263068122985713693e+00
1.203600460707172637e+00
1.147590882564718084e+00
1.094800901308810692e+00
1.045010990455931932e+00
9.980188850764581954e-01
9.515042124737169704e-01
9.076673967765517270e-01
8.663255751407060723e-01
8.273102876984906873e-01
7.904661972324993346e-01
7.556499329842735202e-01
7.199100574625939553e-01
6.862577915649259452e-01
6.545485183754381486e-01
6.246491765208513902e-01
5.964372179400430074e-01
5.697996663463174016e-01
5.427969766132981766e-01
5.173745750057774373e-01
4.934227823674602886e-01
4.708407000200818260e-01
4.495354156773197496e-01
4.294212869327316828e-01
4.091050075084520232e-01
3.899757197937649966e-01
3.719511782868114569e-01
3.549557107566133074e-01
3.389196247087385983e-01
3.237786719107660360e-01
3.084654767351832638e-01
2.940466517970409810e-01
2.804602492399556057e-01
2.676492704265863720e-01
2.555612192504135294e-01
2.441476990910439460e-01
2.325981697536687876e-01
2.217233196736132783e-01
2.114764096444689545e-01
2.018144352256686647e-01
1.926977896142654245e-01
1.840899594483759727e-01
1.753806346126065840e-01
1.671801102944962258e-01
1.594531368211316857e-01
1.521672813271265357e-01
1.452926734790709329e-01
1.388017760365654329e-01
1.327668594103741939e-01
1.270562487054082701e-01
1.216492584438245428e-01
1.165267260510307462e-01
1.116708849329040298e-01
1.070652494945754235e-01
1.024214199797412878e-01
9.802653951998629989e-02
9.386476700304283161e-02
8.992142490044630065e-02
8.618290269032496953e-02
8.263656898108159843e-02
7.832881745595732248e-02
7.429800326044878889e-02
7.052303759201419830e-02
6.698468187936300333e-02
6.366536537702223442e-02
6.054902112812246551e-02
5.739177685969872739e-02
5.443755341984701790e-02
5.167088786239379394e-02
4.907767433407635854e-02
4.664502963390406570e-02
4.436117304028325270e-02
4.227114947458453231e-02
4.030270278115596211e-02
3.844744685230034459e-02
3.669766265327630700e-02
3.504623815744058180e-02
3.348661444936673615e-02
3.176357849376987980e-02
3.014988435050446752e-02
2.863731237561243509e-02
2.721835489741667238e-02
2.588614681068098985e-02
2.463440324090374750e-02
2.346671411794518797e-02
2.236735212392251468e-02
2.133157673993263739e-02
2.035502673596355921e-02
1.943368583507986899e-02
1.856385185903600132e-02
1.769050937735146267e-02
1.686788924002183970e-02
1.609249831105504652e-02
1.536112090134632638e-02
1.467079388473357254e-02
1.401878423698267769e-02
1.335517773003293274e-02
1.273034650541287303e-02
1.214160421278776859e-02
1.158647914429374558e-02
1.106269486815372391e-02
1.056815274538000331e-02
1.006746583785361748e-02
9.596057389322560152e-03
9.151897489413723941e-03
8.733118538199637418e-03
8.338000586149160384e-03
7.964958106005995062e-03
7.587838222485263247e-03
7.232756060364839770e-03
6.898184791214087216e-03
6.582719583220453599e-03
6.285066589939098183e-03
6.004033015099714647e-03
5.719773509491749182e-03
5.452123252504474486e-03
5.199931688509870295e-03
4.962140177824358837e-03
4.737773702417423516e-03
4.525933381583938271e-03
4.328978800844142556e-03
4.142611073257601410e-03
3.966154950927645167e-03
3.798984888815545510e-03
3.640520903677409333e-03
3.490224822451704068e-03
3.338693489930463602e-03
3.195288138884385017e-03
3.059491698837699634e-03
2.930825072864495003e-03
2.808843986727115917e-03
2.693136121782732824e-03
2.552602581349414090e-03
2.421106685025948852e-03
2.297960222013248430e-03
2.182535349654062852e-03
2.074258643899354240e-03
1.972605748685166051e-03
1.869633592992685439e-03
1.773285249088449615e-03
1.683056224217498349e-03
1.598486292316458023e-03
1.519155110233769927e-03
1.444678299019423393e-03
1.376533041639603321e-03
1.312353323618479931e-03
1.251865615238082928e-03
1.194818139414174051e-03
1.140978913787029942e-03
1.090133993784021945e-03
1.033970189000931817e-03
9.813719512881372183e-04
9.320712468211398349e-04
8.858232525231174263e-04
8.424040942922790022e-04
8.016088155260712479e-04
7.635594508735982482e-04
7.277375436574380803e-04
6.939885553079625739e-04
6.621703084978206163e-04
6.321518686042739690e-04
6.038125385306432683e-04
5.753639485345386339e-04
5.485684044158597788e-04
5.233120662568932621e-04
4.994901333485161519e-04
4.770060338506180346e-04
4.557706933136754950e-04
4.341616015173966215e-04
4.138158121225329542e-04
3.946458045708580711e-04
3.765710491121479118e-04
3.595173763619230250e-04
3.434164081264846815e-04
3.271186184467083898e-04
3.117744036063033945e-04
2.973176517374034248e-04
2.836875354823057641e-04
2.708280349429808848e-04
2.586875071995857825e-04
2.464168851498932215e-04
2.348637553175750639e-04
2.239784083528665519e-04
2.137151053811690783e-04
2.040317198350052679e-04
1.948894142655932754e-04
1.856442512965813087e-04
1.769396363602039059e-04
1.687381246617499538e-04
1.610052616930627623e-04
1.537093135571043821e-04
1.468210236097143042e-04
1.404182936072532930e-04
1.343599716973013086e-04
1.286240909032016399e-04
1.231903005228519019e-04
1.180397315534905002e-04
1.131548747635914456e-04
1.082310347451368631e-04
1.035714401785989215e-04
9.915927653902144941e-05
9.497896363879587244e-05
9.101605327793346745e-05
8.725713610483254510e-05
8.269287160328112713e-05
7.842237522985120762e-05
7.442327607422785239e-05
7.067516472101693383e-05
6.715940006890511323e-05
6.385893558137743667e-05
6.051668243476621660e-05
5.738961942166200903e-05
5.446135609631296514e-05
5.171693956233449377e-05
4.914271221462198654e-05
4.672618456136707038e-05
4.451584222036833330e-05
4.243425281040461678e-05
4.047253484567754091e-05
3.862251281548568398e-05
3.687665369150329545e-05
3.522800994656633889e-05
3.340749411509534356e-05
3.170267972696720583e-05
3.010486836942426810e-05
2.860611452547006737e-05
2.719915226731261799e-05
2.587732940705311408e-05
2.464492564130313899e-05
2.348475531084529219e-05
2.239180629356766827e-05
2.136146718369085661e-05
2.038949106312208504e-05
1.947196294087862295e-05
1.855123537859083063e-05
1.768407858106661653e-05
1.686680269499531184e-05
1.609601070785686923e-05
1.536857221899729610e-05
1.468159976061108953e-05
1.398279517400078843e-05
1.332490348951052661e-05
1.270508965948050950e-05
1.212074498056415185e-05
1.156946670016919976e-05
1.104903960266117601e-05
1.052245681286302078e-05
1.002673398039541540e-05
9.559730937237337809e-06
9.119478506483489217e-06
8.704163080610825460e-06
8.312112703551028417e-06
7.916021231569460819e-06
7.543131943834806214e-06
7.191836726412947129e-06
6.860655857069729954e-06
6.548226433983361951e-06
6.253291933280756883e-06
5.955161858954810783e-06
5.674498157806063269e-06
5.410090294318564679e-06
5.160824369145246231e-06
4.925674411922771822e-06
4.703694522856619448e-06
4.497446677808471076e-06
4.302318334579857678e-06
4.117599815219166429e-06
3.942633642850449895e-06
3.776810199066511816e-06
3.619563788965764067e-06
3.461122840050824139e-06
3.311206589462583992e-06
3.169272150603877178e-06
3.034816482321416403e-06
2.907373087609752120e-06
2.786509009069532816e-06
2.639806073739393292e-06
2.502572598775274324e-06
2.374086715702167490e-06
2.253689849369451672e-06
2.140780488454355097e-06
2.034808581976088669e-06
1.927540133877716683e-06
1.827201362796697294e-06
1.733263728835895861e-06
1.645245059321228155e-06
1.562704962518854357e-06
1.485240727127094985e-06
1.414412095936389735e-06
1.347725521092197383e-06
1.284894768641512523e-06
1.225656369386649989e-06
1.169767571997842718e-06
1.117004505916774669e-06
1.058758340226745637e-06
1.004230935926319404e-06
9.531420788347964886e-07
9.052358320696273719e-07
8.602781719604248846e-07
8.180548643519444247e-07
7.786946007938289588e-07
7.416539769821146356e-07
7.067715553905435965e-07
6.738988254703689285e-07
6.428990341597815517e-07
6.136461347948105049e-07
5.842928867127200840e-07
5.566585997697608411e-07
5.306244220254192697e-07
5.060809555749799004e-07
4.829274086741383471e-07
4.610708303355033764e-07
4.388354752886772733e-07
4.179119975563971555e-07
3.982090486372912357e-07
3.796425964411315003e-07
3.621352646701087928e-07
3.456157364098741456e-07
3.288950353350540228e-07
3.131633333800564837e-07
2.983516168420107371e-07
2.843964102644332895e-07
2.712392753122580105e-07
2.588263586162660397e-07
2.462772522513027011e-07
2.344714955099879807e-07
2.233571599313411811e-07
2.128864878063865205e-07
2.030155145121501933e-07
1.937037278112305199e-07
1.842810116891524325e-07
1.754178759657419275e-07
1.670751464908297377e-07
1.592168013797876384e-07
1.518096851007498869e-07
1.448232505696682561e-07
1.383212154878515879e-07
1.321755991976648590e-07
1.263633602347088198e-07
1.208631700210121044e-07
1.156552690598007200e-07
1.107213367236696168e-07
1.057392035578667119e-07
1.010305767806524546e-07
9.657775597874609836e-08
9.236435775706408916e-08
8.837520529371158422e-08
8.459622792097005768e-08
7.999689411028716808e-08
7.570173205056449779e-08
7.168708740107479550e-08
6.793141608027774763e-08
6.441507333486293309e-08
6.112012427939449977e-08
5.776939817397090638e-08
5.464187362688175519e-08
5.172007887906854159e-08
4.898811075950175063e-08
4.643147622852070801e-08
4.403695098146810376e-08
4.183246907961309085e-08
3.976208389362018845e-08
3.781620574507721443e-08
3.598603177521014049e-08
3.426347310991241374e-08
3.264108966065620442e-08
3.099466735678089541e-08
2.944904503853439973e-08
2.799697188944070047e-08
2.663179530377503968e-08
2.534740538878943171e-08
2.413818500327524171e-08
2.289145854508076953e-08
2.172278538442846703e-08
2.062642905224048568e-08
1.959713639046742225e-08
1.863009176941637812e-08
1.772087592803888710e-08
1.678877079963759436e-08
1.591601288810641419e-08
1.509817025252265878e-08
1.433119015698716450e-08
1.361136259105058740e-08
1.293528754353559628e-08
1.224071516319840576e-08
1.159122125992567228e-08
1.098337761100399137e-08
1.041405451533697310e-08
9.880391582704128743e-09
9.379771576216011594e-09
8.862883052454256090e-09
8.380366117797170224e-09
7.929545377126058443e-09
7.507983703064950566e-09
7.113458407898088683e-09
6.743939951840632955e-09
6.360592966181446899e-09
6.003493240027309653e-09
5.670539696048800217e-09
5.359823533417579433e-09
5.069608486408373019e-09
4.798313231077836463e-09
4.515494612134920640e-09
4.252714981659138757e-09
4.008316559125881074e-09
3.780798202472551478e-09
3.568798817447982413e-09
3.371082621567801316e-09
3.180627887646566846e-09
3.003093556029772896e-09
2.837456729147589090e-09
2.682786981340165134e-09
2.538236967317826808e-09
2.403034076386049663e-09
2.261548308704494986e-09
2.130043815995438614e-09
2.007700069325583213e-09
1.893773482444602804e-09
1.787589334310641183e-09
1.688534586260217742e-09
1.583562368193854720e-09
1.486389836588579958e-09
1.396342850204334950e-09
1.312813651816017198e-09
1.235253559184265486e-09
1.163166495450392425e-09
1.080234773309667144e-09
1.004342730547824379e-09
9.347973613357156857e-10
8.709831928462238170e-10
8.123526381278944035e-10
7.584175568327954769e-10
6.954008163587015509e-10
6.385884242015387661e-10
5.872745983667792344e-10
5.408445355762471059e-10
4.987614343850790246e-10
4.605553332589409529e-10
4.230428495637472691e-10
3.891420661426629131e-10
3.584518132136700257e-10
3.306213938964108356e-10
3.053434964049447738e-10
2.823481533843757083e-10
2.577486660846006798e-10
2.464147220198462382e-10
2.356723970921784028e-10
2.254859375263911576e-10
2.158219928992043631e-10
2.066494579685816276e-10
1.979393480009423933e-10
1.796337949119505571e-10
1.633153760718111462e-10
1.487367723560130742e-10
1.356851124525649059e-10
1.239767729592264706e-10
1.185758348198639463e-10
1.134529752027274649e-10
1.085916740197781019e-10
1.039764867453358083e-10
9.959299057162764325e-11
9.542773517438411466e-11
9.287761477254022702e-11
9.040817604726243277e-11
8.801645957221520530e-11
8.569963104235151710e-11
8.345497396195718377e-11
7.494237301232012659e-11
7.297819674970115911e-11
7.107488637500003939e-11
6.923024540937802686e-11
6.744218326109454741e-11
6.570869654221302242e-11
6.049591806915963421e-11
5.927022402575048724e-11
5.807388537622587278e-11
5.690610125236703260e-11
5.576607380742952973e-11
5.477759359968450562e-11
5.380982087096174335e-11
5.286225423155237921e-11
5.193440569502349623e-11
5.082347612204151223e-11
4.974060174539747753e-11
4.868496213837049027e-11
4.765576486641708882e-11
4.242511581350530079e-11
4.182028883317854660e-11
4.122564171419707916e-11
4.064097403592554749e-11
4.006609356644988781e-11
3.950081203170896341e-11
3.864282521647143842e-11
3.780680065728126662e-11
3.699208741053547257e-11
3.619805763947427858e-11
3.249277065283666472e-11
3.163771435451530167e-11
3.080912041683749817e-11
3.000603750093212129e-11
2.922756150383175583e-11
2.847282595180065026e-11
2.609666363113779775e-11
2.581636264656759141e-11
2.553961149220154002e-11
2.526635786696624637e-11
2.499654793078200315e-11
2.437844349251444245e-11
2.377828625665870892e-11
2.319547537863597355e-11
2.262943452284466078e-11
2.092925068771924961e-11
2.052797472308929571e-11
2.013573354150453391e-11
1.975229622128680198e-11
1.937743269900596448e-11
1.901651641918790973e-11
1.866349002469900409e-11
1.831815502745387160e-11
1.798031856508660170e-11
1.758823706651933573e-11
1.720618051438409892e-11
1.683385361143804981e-11
1.647097113934334079e-11
1.430598571485775319e-11
1.405962088501435208e-11
1.381822763991176829e-11
1.358168884461008366e-11
1.334989328178878120e-11
1.312273250546474892e-11
1.284072739051650440e-11
1.256581482837114238e-11
1.229778932498186489e-11
1.203645251001535937e-11
1.169211286377472893e-11
1.135928026340507068e-11
1.103751374108590190e-11
1.072639123677806783e-11
1.042550871468681809e-11
9.189091964505286034e-12
9.046966186814927231e-12
8.907410042385959918e-12
8.770369567452975420e-12
8.635793079350281033e-12
8.503630046975111789e-12
8.324792041353914524e-12
8.150344428239723868e-12
7.980163307891359673e-12
7.814128943680713872e-12
7.597003215016700122e-12
7.386907505000468206e-12
7.183581276366121801e-12
6.986774783056275549e-12
6.796248579514613076e-12
5.976637817342656009e-12
5.882545877034907375e-12
5.790180940827797695e-12
5.699506265966989484e-12
5.610486665741135927e-12
5.523087751605944057e-12
5.409641125717828187e-12
5.298907822147210822e-12
5.190813390910301793e-12
5.085285809466065535e-12
5.007600336923434495e-12
4.931297187352230921e-12
4.856348226260394837e-12
4.782725952935085051e-12
4.710403465337539474e-12
4.199476916686386555e-12
3.752027079598205387e-12
3.700105158611139301e-12
3.649018695490698998e-12
3.598752150708994979e-12
3.549290762231106677e-12
3.500619951084100622e-12
3.368869456426528998e-12
3.242861461046106293e-12
3.122309674459614039e-12
3.006944662086309098e-12
2.742791508545914642e-12
2.681039202689369752e-12
2.620898699870502539e-12
2.562321703844449228e-12
2.505261973467896816e-12
2.449674830925220703e-12
2.402321127469303411e-12
2.356028558889885718e-12
2.310769955728365318e-12
2.266518944307854478e-12
2.213663345494627100e-12
2.162234927867952094e-12
2.112189797789943843e-12
2.063485564860177305e-12
2.016081278247801040e-12
1.768859585993947818e-12
1.740504712857844472e-12
1.712676074994074516e-12
1.685362430148004169e-12
1.658552977806836810e-12
1.632237169648365100e-12
1.574242672283232810e-12
1.518625402249409969e-12
1.465274304629158106e-12
1.414084432437356682e-12
1.288146614140745241e-12
1.258725966527116414e-12
1.230081120683857380e-12
1.202188673663681029e-12
1.175026213944236879e-12
1.148572092316355058e-12
1.071751295658729454e-12
1.000819431255992259e-12
9.352637584435110686e-13
8.746237775374374380e-13
8.546128998069292480e-13
8.351287947313989131e-13
8.161561717296670718e-13
7.976801703895363818e-13
7.796860781975606031e-13
7.114067838459483832e-13
6.886031950265346058e-13
6.666394745085054507e-13
6.454811072351877854e-13
6.250945897948344283e-13
5.841267049809847538e-13
5.462275529388675874e-13
5.111368790274299117e-13
4.786202959823665041e-13
4.658339617360009720e-13
4.534394170393402103e-13
4.414233207367342986e-13
4.297728167213140082e-13
4.184753478679834126e-13
3.909841720864625350e-13
3.655536800276532843e-13
3.420091253640413328e-13
3.201931103767035034e-13
3.052737718988428623e-13
2.911483264737027062e-13
2.777694511865058940e-13
2.650929098215474736e-13
2.530771974271325227e-13
2.311198785378171560e-13
2.209673767593300519e-13
2.113240259658211403e-13
2.021610543393487950e-13
1.934515192144433265e-13
1.851701715230341756e-13
1.688153644257253682e-13
1.612638047974910013e-13
1.540973991261019675e-13
1.472940016694411490e-13
1.408329366751464600e-13
1.346948586468588498e-13
1.258822323860412052e-13
1.177243291183670254e-13
1.101666925415228721e-13
1.031598619351177923e-13
9.984881765482272489e-14
9.665893803079024175e-14
9.358522855028025806e-14
9.062293584857608996e-14
8.776752269595008500e-14
8.330973443777631247e-14
8.277093236816699463e-14
8.223611961132201226e-14
8.170526117861526287e-14
8.117832196962308712e-14
8.038337441056315563e-14
8.018603186159853665e-14
7.998924367787422085e-14
7.979300809251449691e-14
7.959732332598484672e-14
7.831170695367021007e-14
7.704979998218057426e-14
7.581110905952084585e-14
7.459515307782207562e-14
7.178501023832043788e-14
6.909532914766921294e-14
6.652031500192584638e-14
6.405448007562418568e-14
6.169262698198423498e-14
5.753299210271071196e-14
5.369091527033667680e-14
5.188039237458545209e-14
5.013930731985091783e-14
4.846467189793974534e-14
4.685364012472385510e-14
4.530350092336076920e-14
4.381167157256013638e-14
3.979742790624929681e-14
3.794889219179369698e-14
3.619773998468221091e-14
3.453822903815258925e-14
3.296499206936650493e-14
3.147300975202505629e-14
3.005758596576152383e-14
2.723046094971908521e-14
2.470264326127054451e-14
2.353977637580381449e-14
2.243890314921028441e-14
2.139633386044400210e-14
2.040861770510570767e-14
1.947252729948773325e-14
1.858504609329502787e-14
1.700656597943628128e-14
1.557899490065340033e-14
1.428630842559832211e-14
1.311434471500175597e-14
1.205057438317699264e-14
1.108390115018761627e-14
1.022852415336412104e-14
9.447443500447555205e-15
8.733489369577496313e-15
8.080252168105562277e-15
7.481995610842262544e-15
6.933579544381883533e-15
6.455931306068813963e-15
6.015322334389250937e-15
5.608560893399098698e-15
5.232757708103429163e-15
4.885294664675954969e-15
4.563797080496381514e-15
4.278752855712906850e-15
4.083428660168303885e-15
3.989575773391396264e-15
3.932544542905055788e-15
3.876436920389376317e-15
3.821236172944034070e-15
3.766925904616714381e-15
3.713490048792022335e-15
3.660912859524716076e-15
3.497056013541279039e-15
3.341471853137362045e-15
3.193695200905299028e-15
3.053289717028702953e-15
2.919845967695006260e-15
2.792979592118644869e-15
2.580317812243152104e-15
2.385834520178105793e-15
2.207807152319401336e-15
2.044692175577197398e-15
1.895105052971477951e-15
1.757802370575801658e-15
1.642572486053662117e-15
1.535828510548898512e-15
1.436877283409237417e-15
1.345087796288170745e-15
1.259885111539766695e-15
1.180744953814651124e-15
1.107868539690937768e-15
1.040044906092692003e-15
9.768854801328084896e-16
9.180344902036170596e-16
8.631659544755532604e-16
8.119809694490511181e-16
7.648486365014947166e-16
7.207895837007412569e-16
6.795815359081791842e-16
6.410198666263755324e-16
6.049160729922785835e-16
5.710963935185294843e-16
5.399819060896360186e-16
5.107717681713365970e-16
4.833366915840465868e-16
4.575570250153075769e-16
4.333219719982079925e-16
4.105288779911159983e-16
3.894567915289275172e-16
3.695998417232581275e-16
3.508802977438255065e-16
3.332258882944309477e-16
3.165693841393767111e-16
3.008482153723249169e-16
2.851800663571131798e-16
2.704282724343699319e-16
2.565334063042504845e-16
2.434402710377009821e-16
2.310975725557582581e-16
2.194576188677109451e-16
2.079474580810369749e-16
1.971150066812422751e-16
1.869160332595321046e-16
1.773094742028772428e-16
1.682571868781982249e-16
1.597237232044849150e-16
1.518272100277546198e-16
1.443690188762378077e-16
1.373221773863534028e-16
1.306615345068031088e-16
1.243636265919178076e-16
1.184065542633875360e-16
1.128961051461970096e-16
1.076736371142603226e-16
1.027224635971997956e-16
9.802695910360112502e-17
9.357248578967659351e-17
8.934532557698799343e-17
8.547084265261759884e-17
8.178508382555901190e-17
7.827785485680094305e-17
7.493956592839370543e-17
7.176119263714965727e-17
6.873423974596059383e-17
6.612773335002077672e-17
6.363231458129716051e-17
6.206492929697453617e-17
6.054100801463637198e-17
5.905921123093674359e-17
5.761824482409126130e-17
5.621685839088158987e-17
5.485384366091160670e-17
5.249288552634714602e-17
5.024604750456564931e-17
4.810721407044633440e-17
4.607062926248516945e-17
4.413087380231532467e-17
4.228284368480743113e-17
4.026456673699318238e-17
3.835440591401620128e-17
3.654594503147350418e-17
3.483318548617914519e-17
3.321051675521962579e-17
3.167268901973877296e-17
3.028778201416898598e-17
2.897086573446005012e-17
2.771824100949438875e-17
2.652642943168364212e-17
2.539215900998985675e-17
2.431235085824827218e-17
2.331731392790973129e-17
2.236801685769930040e-17
2.146212897026904552e-17
2.059744987851926758e-17
1.977190156238315155e-17
1.898352097346816847e-17
1.824548490888366279e-17
1.753968508692744467e-17
1.686456045385645690e-17
1.621863290456719935e-17
1.560050248756350831e-17
1.500884291089686847e-17
1.445255668135520255e-17
1.391944112299548230e-17
1.340842606141784725e-17
1.291849556589451682e-17
1.244868495759930746e-17
1.199807799667793655e-17
1.163137352772605362e-17
1.127727596888075178e-17
1.093530436006714335e-17
1.060499788909830358e-17
1.028591497282925815e-17
9.977632387281049124e-18
9.631235966199794832e-18
9.298360755615859236e-18
8.978421390523006221e-18
8.670860321570449071e-18
8.375146379042250886e-18
8.090773413004833793e-18
7.817613816837840773e-18
7.554825988159521817e-18
7.301973112250405741e-18
7.058638568367333722e-18
6.824424913339519427e-18
6.598952920396724678e-18
6.386714235475879405e-18
6.182155318667023050e-18
5.984967878059339924e-18
5.794857208061226430e-18
5.611541537516507025e-18
5.434751411989371427e-18
5.270337902434244386e-18
5.111522791055213659e-18
4.958094540483325743e-18
4.809850389676179628e-18
4.666595957482588826e-18
4.528144865827606928e-18
4.408219762718409325e-18
4.291872144151889745e-18
4.253729704369911400e-18
4.215969970707053664e-18
4.190067635692985269e-18
4.164345038855122643e-18
4.138800791843184515e-18
4.113433518142506425e-18
4.088241852950426068e-18
4.063224443048963151e-18
3.981723811141393737e-18
3.902066307950554227e-18
3.824205617362979592e-18
3.748096703047883848e-18
3.673695770103004770e-18
3.600960227397640634e-18
3.472433510494659514e-18
3.349069523206539492e-18
3.230638285859700240e-18
3.116921058971459236e-18
3.007709747608110609e-18
2.902806337073813928e-18
2.805574016935177226e-18
2.712009487622139034e-18
2.621959264084871733e-18
2.535276910147351953e-18
2.451822686067348788e-18
2.371463215331897719e-18
2.297955852971517007e-18
2.227016356706789072e-18
2.158545173879430066e-18
2.092446988572098614e-18
2.028630525338172864e-18
1.967008362979441108e-18
1.908975929425736415e-18
1.852874331741336199e-18
1.798632254568651201e-18
1.746181274604739483e-18
1.695455732955703903e-18
1.646392613620302128e-18
1.599586683653127686e-18
1.554282357173653312e-18
1.510426143233350039e-18
1.467966643347500198e-18
1.426854462389868968e-18
1.387042123601626236e-18
1.348752493216776494e-18
1.311656417998212018e-18
1.275712576511452163e-18
1.240881218459198975e-18
1.207124099641107361e-18
1.174404419830730732e-18
1.143942169350349213e-18
1.114372872097437307e-18
1.085667446221117247e-18
1.057797850305920718e-18
1.030737042834608543e-18
1.004458943384018203e-18
9.789462377766786587e-19
9.541663655644329235e-19
9.300959340930531590e-19
9.067123710639081054e-19
8.839938932077335865e-19
8.619194762498000939e-19
8.407456002085486932e-19
8.201604336352008786e-19
8.001457816137312481e-19
7.806840671155155651e-19
7.617583081454980074e-19
7.433520958061007230e-19
7.259585828147027322e-19
7.090261000674314204e-19
6.925410591536429460e-19
6.764903118108463495e-19
6.608611343941999640e-19
6.456412129445652819e-19
6.318915048882428449e-19
6.184738414311957859e-19
6.053793017872260153e-19
5.956069229236151201e-19
5.896080172270549602e-19
5.836777600536526388e-19
5.778152760641865493e-19
5.720197022040132281e-19
5.662901875180225610e-19
5.606258929676705868e-19
5.453305392171621211e-19
5.305084110299471141e-19
5.161432286671423672e-19
5.022193275735524650e-19
4.887216331438467550e-19
4.756356365770085599e-19
4.618042206852732386e-19
4.484293094871101486e-19
4.354941486648499321e-19
4.229826593374981368e-19
4.108794084458246205e-19
3.991695804869716638e-19
3.890886109594084116e-19
3.792971158633551539e-19
3.697858441707357911e-19
3.605458697659093103e-19
3.515685790134157157e-19
3.428456588672040483e-19
3.347102835712406205e-19
3.267947169084013699e-19
3.190923454698581676e-19
3.115967745961260361e-19
3.043018204985038394e-19
2.972015026899866874e-19
2.903585493615919862e-19
2.836952427818957912e-19
2.772063287046284280e-19
2.708867218664090868e-19
2.647315000668557267e-19
2.587358984728783766e-19
2.528686795921543675e-19
2.471533751414374152e-19
2.415856010840567190e-19
2.361611125285348645e-19
2.308757989171080141e-19
2.257256793937552386e-19
2.205803191265986166e-19
2.178429980689993796e-19
2.151445837723553281e-19
2.124844587465091236e-19
2.098620162895069963e-19
2.072766602848973394e-19
2.047278050050089294e-19
2.011497199705647969e-19
1.976432723938229260e-19
1.942068613682991351e-19
1.908389253676923667e-19
1.875379411935290493e-19
1.843024229505527912e-19
1.807723254130404712e-19
1.773197661971545378e-19
1.739428439762497996e-19
1.706397087432561274e-19
1.674085603015267548e-19
1.642476468016234754e-19
1.611673931429684544e-19
1.581534872558011100e-19
1.552043328986624236e-19
1.523183761108156866e-19
1.494941039910383718e-19
1.467300435146826680e-19
1.441375981922696590e-19
1.415978522840611450e-19
1.391096084787430288e-19
1.366716994225355160e-19
1.342829869017673707e-19
1.319423610499831961e-19
1.299968124460707333e-19
1.286984336284328202e-19
1.274150184027164261e-19
1.261463737233005456e-19
1.248923092901452260e-19
1.236526375064590978e-19
1.224271734370681595e-19
1.202459329755308220e-19
1.181095293803477647e-19
1.160169316988982893e-19
1.139671350911433389e-19
1.119591601098625779e-19
1.099920520010804651e-19
1.070389563112147004e-19
1.041773827168867706e-19
1.014041603865756024e-19
9.871623938510424827e-20
9.611068566372773488e-20
9.406013141596010235e-20
9.206024099792887644e-20
9.010961298797594950e-20
8.820688866208753976e-20
8.635075057713109724e-20
8.453992120854347335e-20
8.287024510475016081e-20
8.123886176321914128e-20
7.964478698071571575e-20
7.808706443275793304e-20
7.656476481306454337e-20
7.507698500174949052e-20
7.363373682726502550e-20
7.222278901751020262e-20
7.084333073009157712e-20
6.949457356421772785e-20
6.817575088331903737e-20
6.688611715972589410e-20
6.560956146812107865e-20
6.436144495345880242e-20
6.314105635079121444e-20
6.194770401413933494e-20
6.078071532617632822e-20
5.963943612704579242e-20
5.839675601030565662e-20
5.718437634449372196e-20
5.600146715221917029e-20
5.484722353224851517e-20
5.404889536738671240e-20
5.326420714553838023e-20
5.249289665888850934e-20
5.224324555092515285e-20
5.199499184099751796e-20
5.174812671337695829e-20
5.150264141378861589e-20
5.125852724896743417e-20
5.101577558622733941e-20
5.047393070518513314e-20
4.993885839998489452e-20
4.941046331415115212e-20
4.888865157467628070e-20
4.837333076687963441e-20
4.786440990978860095e-20
4.722927751773411484e-20
4.660407687802176956e-20
4.598863300319771552e-20
4.538277431224817687e-20
4.478633255827118860e-20
4.419914275770171639e-20
4.356451872573506982e-20
4.294065603778122464e-20
4.232734896291886776e-20
4.184135512921068158e-20
4.136196289570396747e-20
4.088907107227713714e-20
4.055052138855149233e-20
4.021529314914848906e-20
3.988334955416102101e-20
3.955465425535886643e-20
3.932969526454705907e-20
3.910625447634829278e-20
3.899061004486894160e-20
3.887537174572758502e-20
3.876053796624985355e-20
3.864610710085245316e-20
3.853207755100309990e-20
3.819021218604640678e-20
3.785194728939995712e-20
3.751724001454824821e-20
3.718604807922651118e-20
3.685832975729397268e-20
3.653404387064373337e-20
3.603409624679858318e-20
3.554227795144646640e-20
3.505843963438389232e-20
3.458243498011292627e-20
3.411412064048466059e-20
3.365335616885439624e-20
3.297776897033247459e-20
3.231832581571476839e-20
3.167459079694267116e-20
3.104614101682932364e-20
3.043256616568162768e-20
2.983346811188736462e-20
2.927315774409712597e-20
2.872543095812053619e-20
2.818996789059428044e-20
2.766645767257710384e-20
2.715459815322925762e-20
2.665409563281326260e-20
2.620467501422672537e-20
2.576435793015907892e-20
2.533293529073557391e-20
2.491020332299123298e-20
2.449596342312643023e-20
2.409002201335460388e-20
2.369984790186317525e-20
2.331729787860790186e-20
2.294220275719626030e-20
2.257439751070757509e-20
2.221372115993245964e-20
2.186001666487193865e-20
2.150444178917882805e-20
2.115587390592401025e-20
2.081415596659039264e-20
2.047913482464044102e-20
2.015066112953071398e-20
1.982858922381632022e-20
1.946605482599511199e-20
1.911158342654190248e-20
1.876497079387216831e-20
1.842601843298657403e-20
1.809453340938077182e-20
1.783738376335624375e-20
1.758470218724782134e-20
1.733640006816758054e-20
1.709239074424037480e-20
1.685258945762777968e-20
1.661691330889516586e-20
1.644525881631199569e-20
1.627578308117867132e-20
1.610845446936981372e-20
1.594324185726661317e-20
1.578011462275353413e-20
1.561904263640342718e-20
1.544914204843932676e-20
1.528151939811493427e-20
1.511613970896058505e-20
1.495296860146136299e-20
1.479197228185709869e-20
1.463320039288170480e-20
1.447653522216001907e-20
1.432194471909641826e-20
1.416939737562092430e-20
1.401886221639534196e-20
1.387030878877850483e-20
1.370436318603769687e-20
1.354088007268534718e-20
1.337981750220932630e-20
1.322113432341051455e-20
1.306479016385386528e-20
1.291074541365855223e-20
1.271937446743799516e-20
1.253153430310196695e-20
1.234715005397223517e-20
1.216614862061572126e-20
1.198845862515594289e-20
1.181401036681539930e-20
1.159926011058277675e-20
1.138939120108563171e-20
1.118427591899682214e-20
1.098379026648979559e-20
1.078781384856126332e-20
1.059622975825367045e-20
1.044082087447373388e-20
1.028828340883268340e-20
1.013855608919960973e-20
9.991579101761225671e-21
9.847294052966764812e-21
9.705643932644846244e-21
9.558742618289936930e-21
9.414658090975430762e-21
9.300936314143849682e-21
9.188959409248114658e-21
9.078696342404293957e-21
8.970116697593711922e-21
8.863190662567643984e-21
8.755625488711804160e-21
8.649725309005162285e-21
8.545460196673258187e-21
8.442800826652033927e-21
8.341718462612646652e-21
8.242184943606045711e-21
8.127959600402364002e-21
8.015762824321638310e-21
7.905552701991608445e-21
7.797288289187695491e-21
7.690929586146407705e-21
7.586437513527825433e-21
7.480213835905183014e-21
7.375907477647549203e-21
7.273478069822933282e-21
7.172886195626206150e-21
7.074093365691045223e-21
6.977061994112031394e-21
6.898191299778068663e-21
6.820477837972447070e-21
6.743901736845183193e-21
6.668443507401097765e-21
6.594084035392181740e-21
6.520804573412974940e-21
6.444546276707748195e-21
6.369451438562535289e-21
6.309574253789161292e-21
6.250433149662936348e-21
6.192017497388893905e-21
6.134316840912786630e-21
6.077320893705781728e-21
6.016739441154643835e-21
5.956950539363795123e-21
5.897941989125636581e-21
5.839701802485849211e-21
5.782218198792597770e-21
5.725479600656105036e-21
5.654056542351448348e-21
5.583807698506869550e-21
5.514710313572795569e-21
5.446742128360158144e-21
5.379881368102575751e-21
5.314106730806118988e-21
5.236933355553235910e-21
5.161245303615431781e-21
5.087008786953594863e-21
5.014190883470496712e-21
4.942759512572532452e-21
4.872683411458402549e-21
4.813181248257769834e-21
4.754649637634317226e-21
4.697069791043277241e-21
4.640423330544600869e-21
4.584692278908990521e-21
4.529859050000535634e-21
4.477358508866308701e-21
4.425675952937049521e-21
4.374796204778506052e-21
4.324704405394259595e-21
4.275386006856969380e-21
4.226826765125359536e-21
4.175956850100756555e-21
4.125914824767881874e-21
4.076684592321448628e-21
4.028250410378295796e-21
3.980596882364050964e-21
3.933708949123082836e-21
3.869383246792674323e-21
3.806487297681867361e-21
3.758306979811227340e-21
3.710958844642429833e-21
3.664425632394502913e-21
3.618690489593900252e-21
3.573736958496221061e-21
3.529548966862971459e-21
3.496800762713151837e-21
3.464470399143620348e-21
3.432551444420966989e-21
3.401037579465686486e-21
3.369922595674200922e-21
3.339200392790258009e-21
3.306037110642732510e-21
3.273328936133728255e-21
3.241068312787542167e-21
3.209247827032584384e-21
3.183965450373355610e-21
3.158959448416195212e-21
3.134226155911924757e-21
3.109761963172366434e-21
3.085563315070682721e-21
3.055807748250516266e-21
3.026451556292348955e-21
2.997488223896912745e-21
2.968911357204704638e-21
2.940714681304561577e-21
2.912892037738602777e-21
2.871494493540161553e-21
2.830918893248501605e-21
2.791145353478847102e-21
2.759642047356179219e-21
2.728637867350060835e-21
2.698123147512309440e-21
2.668088436279567702e-21
2.638524491207680851e-21
2.609422273857208400e-21
2.583196141534015649e-21
2.557342394307777021e-21
2.531854540213060050e-21
2.506726217239404293e-21
2.481951190442824758e-21
2.457523349126666878e-21
2.433074495994534563e-21
2.408971112521753905e-21
2.385207181787016924e-21
2.361776807456715803e-21
2.338674211096287880e-21
2.315893729546256473e-21
2.290303234168763228e-21
2.265116307779426325e-21
2.240325077018891922e-21
2.215921845629018873e-21
2.191899090017600865e-21
2.168249454940534552e-21
2.144883989244209765e-21
2.121879942066371204e-21
2.099230366049107147e-21
2.076928468206969173e-21
2.054967606101169881e-21
2.033341284117614188e-21
2.015147310989714665e-21
1.997188429035503124e-21
1.979460844547533972e-21
1.961960834794097004e-21
1.944684746536182511e-21
1.927628994580486100e-21
1.910750135885756671e-21
1.894085652909518435e-21
1.877632132131578177e-21
1.861386223195037288e-21
1.845344637599543412e-21
1.829504147423831647e-21
1.811323993560716457e-21
1.793406850865590215e-21
1.775747932457230004e-21
1.758342552908362437e-21
1.741186125839198769e-21
1.724274161571204977e-21
1.705957941841349823e-21
1.687926179632567624e-21
1.670173293991662221e-21
1.652693831803412422e-21
1.635482464508031110e-21
1.618533984908908147e-21
1.604245952617702833e-21
1.590143306329709283e-21
1.576222991416283370e-21
1.562482012211381816e-21
1.548917430733259852e-21
1.535526365438496300e-21
1.522359365504398453e-21
1.509358932373893251e-21
1.496522379323273906e-21
1.483847070536364893e-21
1.471330420019727616e-21
1.458969890543017133e-21
1.444676120210204820e-21
1.430589526494519154e-21
1.416706267102444877e-21
1.403022583649118490e-21
1.389534799594922826e-21
1.376239318235741352e-21
1.363728089975620342e-21
1.351385775846907365e-21
1.339209444246260026e-21
1.327196223679815454e-21
1.315343301371951179e-21
1.303647921910138000e-21
1.293222958460772580e-21
1.282922238087214467e-21
1.272743848837616944e-21
1.262685913649179149e-21
1.252746589595923171e-21
1.243023740932434007e-21
1.233413598658237023e-21
1.223914470536698526e-21
1.214524694524302837e-21
1.205242638171755984e-21
1.196066698015800904e-21
1.185756368246287203e-21
1.175579023596324319e-21
1.165532435275533067e-21
1.155614418990134683e-21
1.145822833932064243e-21
1.136155581793132261e-21
1.126271023346923826e-21
1.116515416228430644e-21
1.106886566279703893e-21
1.097382323948910620e-21
1.088000583259152485e-21
1.078739280804416789e-21
1.069921228546663167e-21
1.061211500336539142e-21
1.052608353709007983e-21
1.044110079801170735e-21
1.037417203376489238e-21
1.030788923083278812e-21
1.024224420098587184e-21
1.017722888093305356e-21
1.011283532995198091e-21
1.004357875635561724e-21
9.975036834207413572e-22
9.907199857894791838e-22
9.840058280577179738e-22
9.773602711254295841e-22
9.707823911782917964e-22
9.594992704651586446e-22
9.512024553467430879e-22
9.430137848254570969e-22
9.349313983193618754e-22
9.269534739016332220e-22
9.190782273793644114e-22
9.113039114017551179e-22
9.052790573314067528e-22
8.993143639273429394e-22
8.934090349427880260e-22
8.875622869324759992e-22
8.817733489841186741e-22
8.756265794893385081e-22
8.695445454665602225e-22
8.635263414931865905e-22
8.575710775387469168e-22
8.516778786619866251e-22
8.458458847113623943e-22
8.390246067014860708e-22
8.322864247169887694e-22
8.256299916388549388e-22
8.190539869484972365e-22
8.125571161206356077e-22
8.061381100333292722e-22
8.000588217966674946e-22
7.940488197716255799e-22
7.881070499487346352e-22
7.822324779126564076e-22
7.764240884220056499e-22
7.706808849996658891e-22
7.641725653876020711e-22
7.591714539088987518e-22
7.542198294690713569e-22
7.493170363004925384e-22
7.444624293112159043e-22
7.396553738658129951e-22
7.348687185525282127e-22
7.301288928459782347e-22
7.254352821843473190e-22
7.207872819260437495e-22
7.161842971686196334e-22
7.116257425601617984e-22
7.044720617781005257e-22
6.989819720597602071e-22
6.935564872457599002e-22
6.881945859057871941e-22
6.828952665209930113e-22
6.776575470320053784e-22
6.724804643996658070e-22
6.677186039047085705e-22
6.630076419558230324e-22
6.583468459562804241e-22
6.537354963642866303e-22
6.501716628588768300e-22
6.466371661805364130e-22
6.431316805536008595e-22
6.396548846920338545e-22
6.362064617161559253e-22
6.320407322405935875e-22
6.279161424833484100e-22
6.238321441380233254e-22
6.197881979761105848e-22
6.157837736654223618e-22
6.118183495976911516e-22
6.071240736794055806e-22
6.024840379611288697e-22
5.978973961145306328e-22
5.933633182426804727e-22
5.888809905049844089e-22
5.844496147543417452e-22
5.797168391858912632e-22
5.764527252426507019e-22
5.732162771587848031e-22
5.700071775398768732e-22
5.668251135558144758e-22
5.636697768367059897e-22
5.604077718316380100e-22
5.571741564906137759e-22
5.539685962076115699e-22
5.507907613149417522e-22
5.476403269958787542e-22
5.445169731977373149e-22
5.391331001661774714e-22
5.351581696371560833e-22
5.312272095597046774e-22
5.273395613270284440e-22
5.234945786990428386e-22
5.196916275299022667e-22
5.159300855002983605e-22
5.120455856999147969e-22
5.089758686527690171e-22
5.059337317100643132e-22
5.029188389539258617e-22
4.999308596235181294e-22
4.969694679993902410e-22
4.940908803378900212e-22
4.912372551375327309e-22
4.884082988680868279e-22
4.856037223491993414e-22
4.828232406772627254e-22
4.800665731474185523e-22
4.753897329988756389e-22
4.723872511492525204e-22
4.694131013216311178e-22
4.664669211135479128e-22
4.635483539739417797e-22
4.606570490925014111e-22
4.577926612889008357e-22
4.541878369432754894e-22
4.517626274200985309e-22
4.493567392565337429e-22
4.469699637492501283e-22
4.446020950570613986e-22
4.422529301347526015e-22
4.397975729997648215e-22
4.373625299122462306e-22
4.349475730857591673e-22
4.325524779717140957e-22
4.301770232037172835e-22
4.278209905416851672e-22
4.243337568663254033e-22
4.215606686271160745e-22
4.188145244452577580e-22
4.160949699146346060e-22
4.134016565422881820e-22
4.107342416318293456e-22
4.080923881665218911e-22
4.051720541456010889e-22
4.029842852629086502e-22
4.008140554821941011e-22
3.986611745229947487e-22
3.965254547352849927e-22
3.944067110401116041e-22
3.922204699749918955e-22
3.900521995330460782e-22
3.879016999519556076e-22
3.857687742944432500e-22
3.836532284020561716e-22
3.815548708467188321e-22
3.788580715862230889e-22
3.761894751746508391e-22
3.735486834675448372e-22
3.714373786191865119e-22
3.693437278495516832e-22
3.672675318568127845e-22
3.652085942013028040e-22
3.631667212678684318e-22
3.611417222174877944e-22
3.591039229517192935e-22
3.570831113278128674e-22
3.550790963661497128e-22
3.530916898378981933e-22
3.511207062061752690e-22
3.491659625627545888e-22
3.462889105404065011e-22
3.434467869583040684e-22
3.413477269961288232e-22
3.392675778132421184e-22
3.372061100420598438e-22
3.351630976357551830e-22
3.331383185187652916e-22
3.311315541534389570e-22
3.290898645142992506e-22
3.270667051448661760e-22
3.255240872339715990e-22
3.239921822358134700e-22
3.224708901875910252e-22
3.209601123023835544e-22
3.194597509619043727e-22
3.175997891522546960e-22
3.157557497762990897e-22
3.139274499780675222e-22
3.121147095794009818e-22
3.103173510339749770e-22
3.085351993836607671e-22
3.067419113642742906e-22
3.049639307968017425e-22
3.032010826865637016e-22
3.014531945933340729e-22
2.997200965866389056e-22
2.980016212014457101e-22
2.963752935656653584e-22
2.947619887795282902e-22
2.931615674032242640e-22
2.915738919041435018e-22
2.899988266251515079e-22
2.884362377534409126e-22
2.859718780886486078e-22
2.840532908420887575e-22
2.821535559097705397e-22
2.802724263193754987e-22
2.784096592282242102e-22
2.769299759720140815e-22
2.754618106768777767e-22
2.740050438959838427e-22
2.725595577645119691e-22
2.711252359741045111e-22
2.697019637478612803e-22
2.683693326402299411e-22
2.670463401482139272e-22
2.657328935458924760e-22
2.644289012465567904e-22
2.631342727856429890e-22
2.618489188039668769e-22
2.601582540208902194e-22
2.584835465879313175e-22
2.568245967036850288e-22
2.551812077578717277e-22
2.535531862692172718e-22
2.519403418246728916e-22
2.504626023000522216e-22
2.489975286198505114e-22
2.478474415857560776e-22
2.467051203866880058e-22
2.455704956027797606e-22
2.444434986066385702e-22
2.433240615519714843e-22
2.419044676538717356e-22
2.404969710576391167e-22
2.391014355847470606e-22
2.377177270107549027e-22
2.363457130314364812e-22
2.349852632287922694e-22
2.337267368354747895e-22
2.324780548446385299e-22
2.312391157385967278e-22
2.300098193335014674e-22
2.287900667578537627e-22
2.275797604314465508e-22
2.263776720420637446e-22
2.251848559671227769e-22
2.240012181133708656e-22
2.228266656032624416e-22
2.216611067557470578e-22
2.205044510674260260e-22
2.191594756488508289e-22
2.178264753861404280e-22
2.165053103724450656e-22
2.151958427795136678e-22
2.138979368199607109e-22
2.126114587103142274e-22
2.113599851257247343e-22
2.103854858077020952e-22
2.094175506229524768e-22
2.084561216740452181e-22
2.075011417131241922e-22
2.065525541327195314e-22
2.053663417398334323e-22
2.041900786210805374e-22
2.030236557498187679e-22
2.018669656166236803e-22
2.007199022037225687e-22
1.995823609593991102e-22
1.985511474302128350e-22
1.975277209445632342e-22
1.965120048390951890e-22
1.955039234082507736e-22
1.945034018895965709e-22
1.935103664494379719e-22
1.924974048080300929e-22
1.914921967286419966e-22
1.904946650111372974e-22
1.895047334298824347e-22
1.885223267187104315e-22
1.875473705561643260e-22
1.865163194348862714e-22
1.854935615508226378e-22
1.844790103431059359e-22
1.834725803950766339e-22
1.824741874158141660e-22
1.814837482220142897e-22
1.805866559603751742e-22
1.796960592131747530e-22
1.788118970802663993e-22
1.779341093841408482e-22
1.770626366594552932e-22
1.761974201427494795e-22
1.748235549897204838e-22
1.737934859535156461e-22
1.727723147072887402e-22
1.717599420583657952e-22
1.707562702113013957e-22
1.697612027438493442e-22
1.687746445834726156e-22
1.680666191038371763e-22
1.673629575397433996e-22
1.666636252404681148e-22
1.659685879034073240e-22
1.652778115690648577e-22
1.644089978545853597e-22
1.635468975855157991e-22
1.626914440783817034e-22
1.618425714858807550e-22
1.610002147840094352e-22
1.601643097592722118e-22
1.593633809278415233e-22
1.585683496794447106e-22
1.577791603228746991e-22
1.569957578301323555e-22
1.562180878267756556e-22
1.554460965824702379e-22
1.546503997247181786e-22
1.538607103606554852e-22
1.530769704677476294e-22
1.522991227295630122e-22
1.515271105253264862e-22
1.507608779196588422e-22
1.499914023863519403e-22
1.492277309483662952e-22
1.484698077406437787e-22
1.477175775751374465e-22
1.469709859308495993e-22
1.462299789440431124e-22
1.455231460764677575e-22
1.448213740444278747e-22
1.441246167227894522e-22
1.434328285154374156e-22
1.427459643479154807e-22
1.420639796601893407e-22
1.412681275404432203e-22
1.404788923208905652e-22
1.396962041749949992e-22
1.389199942025905685e-22
1.381501944150047559e-22
1.373867377204549849e-22
1.367325828326432210e-22
1.360830655403763553e-22
1.354381442197488293e-22
1.347977777166367937e-22
1.341619253399165404e-22
1.332840558609805669e-22
1.324147522267886475e-22
1.317643858213600789e-22
1.311187921292937438e-22
1.304779269642129925e-22
1.298417466536325110e-22
1.292102080317119623e-22
1.285832684322464196e-22
1.280463798858255372e-22
1.275128521137053981e-22
1.269826586400987040e-22
1.264557732512809861e-22
1.259321699924733827e-22
1.254118231647659000e-22
1.246665143173868371e-22
1.239278601295611390e-22
1.233383451070360019e-22
1.227530512356798460e-22
1.221719406308616554e-22
1.215949758350058662e-22
1.210221198117984255e-22
1.204533359405013244e-22
1.199413287139050662e-22
1.194326099279155821e-22
1.189271531824738114e-22
1.184249323438101778e-22
1.179259215412210077e-22
1.174300951638923675e-22
1.168237638070260933e-22
1.162221775900651589e-22
1.156252902488593807e-22
1.150330560858776740e-22
1.144454299618999169e-22
1.138623672878474297e-22
1.133399736963368204e-22
1.128212300223039056e-22
1.123061045997770116e-22
1.117945661081448460e-22
1.112865835676537900e-22
1.107821263349773429e-22
1.101942106994110912e-22
1.096110659586235313e-22
1.090326442208551358e-22
1.084588981989013117e-22
1.078897812010193401e-22
1.073252471219918690e-22
1.068382326748981467e-22
1.063546168351390580e-22
1.058743703740468997e-22
1.053974643794845164e-22
1.049238702517693560e-22
1.044535596996629418e-22
1.039202963137159508e-22
1.033912399045526514e-22
1.028663497388052778e-22
1.023455855801981513e-22
1.018289076823600498e-22
1.013162767817558308e-22
1.008584621533680850e-22
1.004038644611388865e-22
9.995245608035039547e-23
9.950420968583928920e-23
9.905909824815802023e-23
9.861709502979703636e-23
9.813771980793979525e-23
9.766198888315588478e-23
9.718986855259270118e-23
9.672132550765763484e-23
9.625632682858866178e-23
9.579483997911282673e-23
9.536182337666385247e-23
9.493188893631343820e-23
9.450501009941328905e-23
9.408116059752209587e-23
9.366031444868561283e-23
9.324244595377534519e-23
9.280967396489783859e-23
9.238008621874801865e-23
9.195365449891577019e-23
9.153035090689646632e-23
9.111014785790859473e-23
9.069301807677651826e-23
9.028051350379667518e-23
8.987100559370929670e-23
8.946446827602311326e-23
8.906087576958096593e-23
8.866020257882785870e-23
8.826242349013711551e-23
8.786963741720346194e-23
8.747966535787253637e-23
8.709248331347474596e-23
8.670806754743434899e-23
8.632639458196069677e-23
8.594744119479019835e-23
8.554845519072226365e-23
8.515247564602650588e-23
8.475947577103171611e-23
8.436942908310060245e-23
8.398230940258765281e-23
8.359809084886133261e-23
8.322274281641720778e-23
8.285015617650083129e-23
8.248030708114293742e-23
8.211317194869205063e-23
8.174872746036402175e-23
8.138360369936795684e-23
8.102117385093074334e-23
8.066141473475715945e-23
8.030430342982907962e-23
7.994981727119671587e-23
7.959793384668858541e-23
7.923779562462010814e-23
7.888037716062943638e-23
7.852565470605566500e-23
7.817360478362908916e-23
7.782420418395245606e-23
7.747469459246056202e-23
7.712782991005120387e-23
7.678358717690712544e-23
7.644194369591079494e-23
7.610287702938240815e-23
7.576636499573367913e-23
7.538916569769453637e-23
7.501516894747196384e-23
7.472400394686010447e-23
7.443477601748063473e-23
7.414747058357861063e-23
7.386207321604869699e-23
7.357856963073020698e-23
7.319032807592328696e-23
7.280563105965182457e-23
7.250978717826046857e-23
7.221603547229811860e-23
7.192435943740209839e-23
7.163474274543349709e-23
7.134716924243478307e-23
7.106162294666393072e-23
7.078275906135286079e-23
7.050582573655813002e-23
7.023080824661463464e-23
6.995769201984118861e-23
6.968646263684375633e-23
6.941710582884205413e-23
6.909647253523908069e-23
6.877848894306992115e-23
6.846313126650768935e-23
6.821567054515361276e-23
6.796982475031079933e-23
6.772558252025275414e-23
6.748293260559912686e-23
6.724186386808465182e-23
6.692657820375678211e-23
6.661399434125512812e-23
6.630408765412198702e-23
6.599683383570858695e-23
6.569220889504425886e-23
6.539018915269110265e-23
6.511809631826071303e-23
6.484811631356881833e-23
6.458023204493550609e-23
6.431442662061012815e-23
6.405068334845583533e-23
6.378898573367900437e-23
6.350173919944977071e-23
6.321695622030081181e-23
6.293461526588281721e-23
6.271688239430343768e-23
6.250060150917574166e-23
6.228576285647186684e-23
6.207235678207390600e-23
6.186037373075664599e-23
6.159503707143119254e-23
6.133193008893034011e-23
6.107103427384667807e-23
6.081233135675987689e-23
6.055580330553693032e-23
6.030143232261758628e-23
6.004980498308549103e-23
5.980028965448154058e-23
5.955286934981535895e-23
5.930752730439943201e-23
5.906424697346076154e-23
5.882301202980619244e-23
5.855346704641347189e-23
5.834083148468164905e-23
5.812980313483419361e-23
5.792037081923434932e-23
5.771252349420187495e-23
5.750625024880508282e-23
5.726469194829331411e-23
5.702529588349669471e-23
5.678804479164951288e-23
5.655292165844484349e-23
5.631990971562349159e-23
5.608899243854841860e-23
5.587175167521121227e-23
5.565636937257510637e-23
5.544283200076731419e-23
5.523112622050514214e-23
5.502123888147721650e-23
5.481315702076986086e-23
5.456658862752740385e-23
5.437278817501109065e-23
5.418057824589540300e-23
5.398994840621533668e-23
5.380088836812910997e-23
5.361338798890208976e-23
5.340664367160739572e-23
5.320180320498303195e-23
5.299885325339999993e-23
5.279778069735900147e-23
5.259857263208391862e-23
5.240121636611166714e-23
5.220490479040850209e-23
5.201043516759186326e-23
5.181779529136147838e-23
5.162697316722936110e-23
5.143795701141445839e-23
5.125073524980048078e-23
5.102084962644755779e-23
5.085522570298462831e-23
5.069103776117944817e-23
5.052827789272149176e-23
5.036693832619015353e-23
5.020701142663595457e-23
5.002010211550626757e-23
4.983513733733632025e-23
4.965210527642045506e-23
4.947099437914609554e-23
4.929179335356643067e-23
4.911449116903810399e-23
4.891918667236960904e-23
4.872621106520570052e-23
4.853555023945831192e-23
4.838540437746292160e-23
4.823671026659835839e-23
4.808946133512499255e-23
4.794365117353441570e-23
4.779927353487512919e-23
4.765632233514287289e-23
4.743807043965048809e-23
4.727837977319782000e-23
4.712053759439738499e-23
4.696453590857719751e-23
4.681036700912468833e-23
4.665802347917156409e-23
4.650749819345918170e-23
4.634398666929842649e-23
4.618265896954933894e-23
4.602350684829714132e-23
4.586652250123341755e-23
4.571169857025899061e-23
4.555902814845499405e-23
4.542975363166218403e-23
4.530205576668803452e-23
4.517593100410949745e-23
4.505137605088496112e-23
4.492838787356736995e-23
4.480696370171268792e-23
4.464112697366875931e-23
4.452371423798025144e-23
4.440785048103993262e-23
4.429353414228162715e-23
4.418076394308731573e-23
4.406953889154378504e-23
4.395093916721618662e-23
4.383414688423711066e-23
4.371916196321720696e-23
4.360598474872564924e-23
4.349461601824901839e-23
4.338505699184827661e-23
4.324726020403872659e-23
4.313808868784680687e-23
4.303086697272654878e-23
4.292559868726905203e-23
4.282228804030088309e-23
4.272093983697465918e-23
4.262155949580556428e-23
4.248721390745187926e-23
4.238792008638108507e-23
4.229081958998655719e-23
4.219592211316402545e-23
4.210323823075197637e-23
4.201277942850407202e-23
4.192455813604664383e-23
4.179313706475616949e-23
4.170795232670096831e-23
4.162521292040795429e-23
4.154493787261548179e-23
4.146714754380372698e-23
4.139186368583185606e-23
4.131910950374898587e-23
4.123737925564469395e-23
4.117395158763726325e-23
4.111284682829494025e-23
4.105409002946855439e-23
4.099770769445705003e-23
4.094372784650172025e-23
4.089218010208279347e-23
4.083221012551960200e-23
4.077602219671273466e-23
4.073370559633142952e-23
4.069390394132403156e-23
4.065665541902201958e-23
4.062200030067673698e-23
4.058998105458843323e-23
4.056064246808060647e-23
4.053114231050340727e-23
4.050510450056648924e-23
4.048260264779366828e-23
4.046371491790224169e-23
4.044852434373337507e-23
4.043711916393056233e-23
4.042954077761547255e-23
4.042601811820031541e-23
4.042666054708128294e-23
4.043158460982385609e-23
4.044091459715217876e-23
4.045478316302182451e-23
4.047898973950897998e-23
4.050158239574739215e-23
4.052845436890706675e-23
4.055974355605439187e-23
4.059559707705656779e-23
4.063617205034340261e-23
4.068163645858704365e-23
4.075159190569413628e-23
4.083140343114681430e-23
4.092161105014998749e-23
4.102281113352462510e-23
4.113566420587105184e-23
4.122195945430777332e-23
4.131459448100436930e-23
4.141386708094912237e-23
4.152009971547679072e-23
4.163364224785459344e-23
4.175487510065815601e-23
4.186824304903422641e-23
4.198819299869721740e-23
4.211505729532534708e-23
4.224919663085351820e-23
4.239100333157779480e-23
4.254090515030406888e-23
4.267604499746113994e-23
4.281778141121449760e-23
4.296646063349644090e-23
4.312245878181579667e-23
4.328618538643975733e-23
4.345808748440040436e-23
4.360816319448467451e-23
4.376458272729931715e-23
4.392768143180597421e-23
4.409782332708672404e-23
4.427540448575641156e-23
4.446085695140032826e-23
4.462296805979629976e-23
4.479126314638136418e-23
4.496607172414929958e-23
4.514775146121496975e-23
4.533669151722739278e-23
4.553331640852261369e-23
4.570490728221043613e-23
4.588255752102576475e-23
4.606659245385831462e-23
4.625736531219197255e-23
4.645526056150933110e-23
4.666069776508473171e-23
4.683956955340848543e-23
4.702439191399897215e-23
4.721548676113963005e-23
4.741320380502089532e-23
4.761792390338212920e-23
4.783006295471567079e-23
4.801428296920719077e-23
4.820434980287082570e-23
4.840058225449663221e-23
4.860332689512010978e-23
4.881296145604650662e-23
4.902989877141607262e-23
4.923668933177078292e-23
4.945045459616785528e-23
4.967161920096873117e-23
4.990064932974796784e-23
5.013805844340905839e-23
5.038441406008085395e-23
5.057665595931021055e-23
5.077464859644868326e-23
5.097871526193868741e-23
5.118920843676851311e-23
5.140651350368308078e-23
5.163105310595572057e-23
5.181994423463049560e-23
5.201423652043887852e-23
5.221423005796993665e-23
5.242025179752538177e-23
5.263265893418082662e-23
5.285184287460601773e-23
5.303873374962066073e-23
5.323083022681136819e-23
5.342842242572918617e-23
5.363182658982630921e-23
5.384138840812410035e-23
5.405748690668166175e-23
5.424094958530998116e-23
5.442939838017634299e-23
5.462311157025683653e-23
5.482239260009723218e-23
5.502757329751704853e-23
5.523901764713077129e-23
5.541782751686019216e-23
5.560138453261813268e-23
5.578995356475283790e-23
5.598382349399105686e-23
5.618331029217983205e-23
5.638876063757930207e-23
5.656203248193940416e-23
5.673980478979129750e-23
5.692232837904147630e-23
5.710987683310376942e-23
5.730274942830279365e-23
5.750127457068618287e-23
5.766837650951220301e-23
5.783973153227712809e-23
5.801557628960886065e-23
5.819616892392379102e-23
5.838179183668787095e-23
5.857275493810596423e-23
5.873325961235117937e-23
5.889777403627148425e-23
5.906652092268667539e-23
5.923974321323032622e-23
5.941770668496621568e-23
5.960070301195101055e-23
5.975434746881820804e-23
5.991176552776418250e-23
6.007316641120169721e-23
6.023877834318804528e-23
6.040885099892321068e-23
6.058365838207789686e-23
6.073030935075384488e-23
6.088050688518411070e-23
6.103444728941376261e-23
6.119234469209422419e-23
6.135443334472633363e-23
6.152097032149238119e-23
6.166059608947872833e-23
6.180355157753884953e-23
6.195002080587019025e-23
6.210020449960154881e-23
6.225432224286064865e-23
6.241261500934145448e-23
6.254526315219365042e-23
6.268103487920701730e-23
6.282010258480637005e-23
6.296265430889528341e-23
6.310889575435409578e-23
6.325905265722981733e-23
6.338483234906901373e-23
6.351354035229414662e-23
6.364533809356584799e-23
6.378040164605193473e-23
6.391892361808316772e-23
6.406111537201386110e-23
6.418018318868891581e-23
6.430199482262233856e-23
6.442670137663458185e-23
6.455446766032105156e-23
6.468547395747659461e-23
6.481991810255279646e-23
6.493246650402620649e-23
6.504758476822496653e-23
6.516541429583834352e-23
6.528610931175214294e-23
6.540983851860616198e-23
6.553678703949204363e-23
6.564303496731557415e-23
6.575168900471538557e-23
6.586288144525791608e-23
6.597675657874894161e-23
6.609347223797329313e-23
6.621320161590828907e-23
6.631338679034798842e-23
6.641582412239062950e-23
6.652063736454152443e-23
6.662796148946749572e-23
6.673794413661802349e-23
6.685074731182176948e-23
6.694511992577742956e-23
6.704160010989217057e-23
6.714030361188171577e-23
6.724135667261502556e-23
6.734489737895445833e-23
6.745107725317935680e-23
6.753989482338044234e-23
6.763068428534850828e-23
6.772355388850831707e-23
6.781862169470538694e-23
6.791601684324147377e-23
6.801588103714576566e-23
6.809940423134536247e-23
6.818477208628763550e-23
6.827208583040785069e-23
6.836145586737919259e-23
6.845300295896790795e-23
6.854685961475815186e-23
6.862534890155629348e-23
6.870556360654089204e-23
6.878759838619312655e-23
6.887155647597288248e-23
6.895755079627688708e-23
6.904570525182462819e-23
6.911941823262432934e-23
6.919474492729586207e-23
6.927177384224615106e-23
6.935060150501188066e-23
6.943133349827883356e-23
6.951408567475359787e-23
6.958327499869884424e-23
6.965397343336187081e-23
6.972626373104188954e-23
6.980023614333943410e-23
6.987598938788544129e-23
6.995363178416088076e-23
7.001854354613880313e-23
7.008486649573455340e-23
7.015267800248554905e-23
7.022206244715962069e-23
7.029311212555030056e-23
7.036592831036105498e-23
7.042680085939590014e-23
7.048899295001573823e-23
7.055257691706130379e-23
7.061763165015585561e-23
7.068424343864641360e-23
7.075250696434630688e-23
7.080957002877995558e-23
7.086786688129100279e-23
7.092746514807174354e-23
7.098843858325682515e-23
7.105086785883018965e-23
7.111484149271257608e-23
7.116831559183091137e-23
7.122294325295076877e-23
7.127878769892581145e-23
7.133591788142540832e-23
7.139440921938151351e-23
7.145434446662119952e-23
7.150444054323860671e-23
7.155561513750591984e-23
7.160792735473547698e-23
7.166144165586247873e-23
7.171622854777674455e-23
7.177236539442973103e-23
7.181928463275011542e-23
7.186721219970612295e-23
7.191620335054816854e-23
7.196631834722133488e-23
7.201762310371217072e-23
7.207018994430563590e-23
7.211412372138388654e-23
7.215900018540302863e-23
7.220487099181051614e-23
7.225179247651783770e-23
7.229982625918802121e-23
7.234903995208230777e-23
7.239016991117633216e-23
7.243218117287893304e-23
7.247512202694013383e-23
7.251904513857108305e-23
7.256400811240946252e-23
7.261007415517157264e-23
7.264857237232297658e-23
7.268789449267091946e-23
7.272808565924136234e-23
7.276919510537197003e-23
7.281127668191695461e-23
7.285438947671083990e-23
7.289041870673601051e-23
7.292721817022893203e-23
7.296483006834693723e-23
7.300330042598231105e-23
7.304267958460049880e-23
7.308302278132950708e-23
7.311673671225842140e-23
7.315117069594888516e-23
7.318636418322609824e-23
7.322236019943474857e-23
7.325920580514871456e-23
7.329695263751603591e-23
7.332849621798612792e-23
7.336071293415407177e-23
7.339363966560289597e-23
7.342731663345107881e-23
7.346178783102598385e-23
7.349710152992298240e-23
7.352661132125951994e-23
7.355675038394030481e-23
7.358755319376844768e-23
7.361905735027568970e-23
7.365130397931800345e-23
7.368433820614688800e-23
7.371194275643400428e-23
7.374013556939180578e-23
7.376894887367851901e-23
7.379841781807106187e-23
7.382858084781239647e-23
7.385948014684550489e-23
7.388530033247683790e-23
7.391167044213095600e-23
7.393862060373370141e-23
7.396618367498640367e-23
7.399439559517240166e-23
7.402329579856514724e-23
7.404744518612834497e-23
7.407210865482354754e-23
7.409731436863827718e-23
7.412309304338622292e-23
7.414947827557426061e-23
7.417650692885913954e-23
7.419909221457414583e-23
7.422215807407110772e-23
7.424573083545295064e-23
7.426983921230586599e-23
7.429451461112162324e-23
7.431979149256200193e-23
7.434091279578175378e-23
7.436248334821533728e-23
7.438452776171212850e-23
7.440707287810265382e-23
7.443014805657766531e-23
7.445378551139969790e-23
7.447353678226237403e-23
7.449370801976199671e-23
7.451432223144044607e-23
7.453540450946476344e-23
7.455698229926912898e-23
7.457908571525131395e-23
7.459755501450302690e-23
7.461641690540545867e-23
7.463569289573045835e-23
7.465540644198693711e-23
7.467558320053742411e-23
7.469625132271950019e-23
7.471352114391025669e-23
7.473115796307603613e-23
7.474918188574637832e-23
7.476761483913033470e-23
7.478648080685153482e-23
7.480580610482789422e-23
7.482195384036596477e-23
7.483844464949384352e-23
7.485529732699390452e-23
7.487253237056759234e-23
7.489017220026700968e-23
7.490824141638374305e-23
7.492333959533795752e-23
7.493875848545619583e-23
7.495451565644575165e-23
7.497063026994139025e-23
7.498712328462861899e-23
7.500401769732320243e-23
7.501813414397642577e-23
7.503255039539133312e-23
7.504728287592766597e-23
7.506234949810068968e-23
7.507776985433024170e-23
7.509356544230194763e-23
7.510676371234839842e-23
7.512024224409779592e-23
7.513401639127576300e-23
7.514810289876354505e-23
7.516252008184683965e-23
7.517728803688320384e-23
7.518962762139406269e-23
7.520222919885012964e-23
7.521510712220299661e-23
7.522827704488501802e-23
7.524175608835312013e-23
7.525556303903480384e-23
7.526709947366034554e-23
7.527888081759806257e-23
7.529092048774794099e-23
7.530323311667019560e-23
7.531583470920666782e-23
7.532874282657205730e-23
7.533952838676998763e-23
7.535054289337529411e-23
7.536179888886885407e-23
7.537331005217397499e-23
7.538509134506078346e-23
7.539715918424304147e-23
7.540724253038308171e-23
7.541753989709144872e-23
7.542806300914611470e-23
7.543882465367608481e-23
7.544983881700988693e-23
7.546112084555465715e-23
7.547054756592395942e-23
7.548017435313533764e-23
7.549001216745761133e-23
7.550007296224416993e-23
7.551036981187157976e-23
7.552091706211464006e-23
7.552972999265442546e-23
7.553872995304670623e-23
7.554792718953193130e-23
7.555733287675454201e-23
7.556695923734949190e-23
7.557681968253199406e-23
7.558505851778957111e-23
7.559347218714176883e-23
7.560207026860111103e-23
7.561086320803227228e-23
7.561986243094119102e-23
7.562908047388806164e-23
7.563678266708318817e-23
7.564464829860391245e-23
7.565268632227522275e-23
7.566090650321557074e-23
7.566931952229918710e-23
7.567793709902786114e-23
7.568513727893500649e-23
7.569249023242980023e-23
7.570000432875854146e-23
7.570768869547244626e-23
7.571555331608762433e-23
7.572360914491065854e-23
7.573034037005814372e-23
7.573721441588029316e-23
7.574423910654321952e-23
7.575142297515789849e-23
7.575877535509045400e-23
7.576630648730297744e-23
7.577259924541076830e-23
7.577902551880736798e-23
7.578559262208492102e-23
7.579230853261718486e-23
7.579918197588656069e-23
7.580622252585736960e-23
7.581210502570449532e-23
7.581811232801938414e-23
7.582425126976904393e-23
7.583052930741011968e-23
7.583695459667080004e-23
7.584353608634170133e-23
7.584903546173607429e-23
7.585465151248335269e-23
7.586039063065531998e-23
7.586625978751891975e-23
7.587226660807610398e-23
7.587841945878594536e-23
7.588356015832995209e-23
7.588880991482755825e-23
7.589417470261591917e-23
7.589966103734481142e-23
7.590527604565009904e-23
7.591102754712537449e-23
7.591583328615685346e-23
7.592074097530888057e-23
7.592575619962803112e-23
7.593088505022036726e-23
7.593613418940558694e-23
7.594151092733120826e-23
7.594600365019884719e-23
7.595059168529587218e-23
7.595528025416748428e-23
7.596007505152912096e-23
7.596498230624417934e-23
7.597000885291520742e-23
7.597420921567654935e-23
7.597849869692615854e-23
7.598288217957832477e-23
7.598736498907450539e-23
7.599195295033579147e-23
7.599665245476917737e-23
7.600057858828918550e-23
7.600458801178077944e-23
7.600868528824330016e-23
7.601287539416654735e-23
7.601716377277764079e-23
7.602155639662207081e-23
7.602522680046587088e-23
7.602897507196977853e-23
7.603280547746835918e-23
7.603672266989844974e-23
7.604073173846821481e-23
7.604483826724251556e-23
7.604826870189921118e-23
7.605177189683775164e-23
7.605535183780602119e-23
7.605901287161358680e-23
7.606275975244403616e-23
7.606659769661236103e-23
7.606980397397597621e-23
7.607307824381870029e-23
7.607642422998954569e-23
7.607984599360291132e-23
7.608334797629823233e-23
7.608693505137612375e-23
7.608993238198926414e-23
7.609299327366699835e-23
7.609612120724916747e-23
7.609931997889186297e-23
7.610259374069190013e-23
7.610594704836304701e-23
7.610875036777077182e-23
7.611161316155957351e-23
7.611453868878335498e-23
7.611753050381601736e-23
7.612059249412496006e-23
7.612372892511800053e-23
7.612634781804799785e-23
7.612902223681804080e-23
7.613175522148873952e-23
7.613455008749278658e-23
7.613741046123963473e-23
7.614034032165586852e-23
7.614279099900011584e-23
7.614529368843448747e-23
7.614785124047862910e-23
7.615046676421355947e-23
7.615314366078180169e-23
7.615588566235022497e-23
7.615817743344033612e-23
7.616051786379884787e-23
7.616290962163406093e-23
7.616535561724133077e-23
7.616785903418243229e-23
7.617042336590611147e-23
7.617256439694129665e-23
7.617475086018471491e-23
7.617698524543456435e-23
7.617927026822545336e-23
7.618160889888886619e-23
7.618400439669671290e-23
7.618600556617704103e-23
7.618804919498038003e-23
7.619013760944619663e-23
7.619227334685392677e-23
7.619445918272689992e-23
7.619669816262333698e-23
7.619856993670967388e-23
7.620048144887376767e-23
7.620243487741848695e-23
7.620443259837028091e-23
7.620647721124793158e-23
7.620857156874388018e-23
7.621032264668701217e-23
7.621211093098616712e-23
7.621393846327245949e-23
7.621580747061696220e-23
7.621772038947103623e-23
7.621967989367061446e-23
7.622131524948758306e-23
7.622298532308677146e-23
7.622469201756781383e-23
7.622643740876196287e-23
7.622822376771741599e-23
7.623005358664419178e-23
7.623158335838568477e-23
7.623314563132898869e-23
7.623474218805560341e-23
7.623637497317461926e-23
7.623804611465206209e-23
7.623975794798344167e-23
7.624118975041618189e-23
7.624265201407345688e-23
7.624414641239548968e-23
7.624567477111201651e-23
7.624723908804477042e-23
7.624884155601120105e-23
7.625017829035478720e-23
7.625154342988036223e-23
7.625293853443342977e-23
7.625436530538461691e-23
7.625582560330252652e-23
7.625732146972775997e-23
7.625856565563559564e-23
7.625983616682005690e-23
7.626113444168611436e-23
7.626246204862161262e-23
7.626382070274571367e-23
7.626521228549961529e-23
7.626637857441661994e-23
7.626756960574270145e-23
7.626878673533209398e-23
7.627003144192775019e-23
7.627130534281430631e-23
7.627261021246640664e-23
7.627369979577356091e-23
7.627481248077502609e-23
7.627594953188800926e-23
7.627711232818418036e-23
7.627830237845813442e-23
7.627952133830814737e-23
7.628054309095677868e-23
7.628158657889479017e-23
7.628265299415231750e-23
7.628374363758844426e-23
7.628485993414726142e-23
7.628600344843880979e-23
7.628696582775899386e-23
7.628794883817801366e-23
7.628895362405689947e-23
7.628998143451727886e-23
7.629103363584474638e-23
7.629211172813057216e-23
7.629299614347027715e-23
7.629389920554454383e-23
7.629482192888397844e-23
7.629576541940707861e-23
7.629673088657980558e-23
7.629771965690783781e-23
7.629855423588027684e-23
7.629940657280911744e-23
7.630027764425602808e-23
7.630116851555093251e-23
7.630208035179678797e-23
7.630301443153810425e-23
7.630379018301073148e-23
7.630458234400803238e-23
7.630539181440652646e-23
7.630621957476433966e-23
7.630706669465239126e-23
7.630793434619459591e-23
7.630864763345888837e-23
7.630937575740047823e-23
7.631011951327232687e-23
7.631087976696347422e-23
7.631165746489293962e-23
7.631245364399743887e-23
7.631313987092179271e-23
7.631384078282634466e-23
7.631455718817396774e-23
7.631528997016559511e-23
7.631604009813770748e-23
7.631680863760313550e-23
7.631746058343135863e-23
7.631812671878398085e-23
7.631880784262831408e-23
7.631950482848935079e-23
7.632021863359958864e-23
7.632095031066980794e-23
7.632154306826566322e-23
7.632214839220939804e-23
7.632276696751760643e-23
7.632339954179718411e-23
7.632404693503090751e-23
7.632471004784322795e-23
7.632527872109122190e-23
7.632585977351727940e-23
7.632645390065194511e-23
7.632706186325935246e-23
7.632768449624608382e-23
7.632832271831755089e-23
7.632884567016384902e-23
7.632937982847775963e-23
7.632992581842424183e-23
7.633048432174599683e-23
7.633105608121021028e-23
7.633164191100411881e-23
7.633210937880047677e-23
7.633258641703728236e-23
7.633307353742145000e-23
7.633357129510876312e-23
7.633408029037277056e-23
7.633460117765139109e-23
7.633502650798655250e-23
7.633546030548712735e-23
7.633590299613770403e-23
7.633635504317798966e-23
7.633681695698288722e-23
7.633728929709813435e-23
7.633784418580734528e-23
7.633821679701405367e-23
7.633859640709913931e-23
7.633898334987292868e-23
7.633937798678909660e-23
7.633978071216750518e-23
7.634019195498158997e-23
7.634029855141861436e-23
7.634037220927661858e-23
7.634044615939674880e-23
7.634052039664386971e-23
7.634059492136532815e-23
7.634066973839714313e-23
7.634074485234185699e-23
7.634082778555529192e-23
7.634091106703012246e-23
7.634099471162753591e-23
7.634107873110342795e-23
7.634116313019856729e-23
7.634127027712998755e-23
7.634137803560699532e-23
7.634148641826892904e-23
7.634159543632505600e-23
7.634187045181238433e-23
7.634214966295877346e-23
7.634233568528877185e-23
7.634252364049017333e-23
7.634271357287945584e-23
7.634290553251005044e-23
7.634310361587800721e-23
7.634330392306148180e-23
7.634350652276716686e-23
7.634371148502473869e-23
7.634391887998284534e-23
7.634417567612130732e-23
7.634443634929692506e-23
7.634470105180786335e-23
7.634496994508962796e-23
7.634524319925262608e-23
7.634544332258221319e-23
7.634564588550955998e-23
7.634585096366733656e-23
7.634605863673708578e-23
7.634626898879590001e-23
7.634648210807180081e-23
7.634668548685033175e-23
7.634689147761018881e-23
7.634710017094756793e-23
7.634731166148737813e-23
7.634752604492663800e-23
7.634774342051381671e-23
7.634796560549029998e-23
7.634819105113183046e-23
7.634841988126975556e-23
7.634865222658730876e-23
7.634888822514905222e-23
7.634914358431525958e-23
7.634932461313601629e-23
7.634950790443933114e-23
7.634969353108690491e-23
7.634988156700516589e-23
7.635007209066208833e-23
7.635026518598466573e-23
7.635043144349114753e-23
7.635059967863813445e-23
7.635076995345006868e-23
7.635094233258102033e-23
7.635111688255724581e-23
7.635129367211270925e-23
7.635149296691896572e-23
7.635162382554145304e-23
7.635170299837386213e-23
7.635178263647754999e-23
7.635186275242713234e-23
7.635194335184234204e-23
7.635202443960390216e-23
7.635213708186557100e-23
7.635225068696005120e-23
7.635236527703807620e-23
7.635248087426586067e-23
7.635265434143798045e-23
7.635277333650588947e-23
7.635289343616710258e-23
7.635301466785782250e-23
7.635313705704659194e-23
7.635326063010411029e-23
7.635334662332436668e-23
7.635336674589008750e-23
7.635338689758837868e-23
7.635340708053390755e-23
7.635342729629729912e-23
7.635344754505760471e-23
7.635346782637247403e-23
7.635349812056988801e-23
7.635350514040346215e-23
7.635350916143418549e-23
7.635351318989212883e-23
7.635351722371133733e-23
7.635352125868257732e-23
7.635352529355802627e-23
7.635352954573684203e-23
7.635353379627549053e-23
7.635353804739238821e-23
7.635354230011749147e-23
