6.542374259727770647e-03
6.542364445582530240e-03
6.542354631456435976e-03
6.542256491881383480e-03
6.542158354225493730e-03
6.541856538310505086e-03
6.541554740356881475e-03
6.541252960790473227e-03
6.540420175363114569e-03
6.539587531184813500e-03
6.538755028302653018e-03
6.532859210914205607e-03
6.526970477261804723e-03
6.521088817128221395e-03
6.506706496949170304e-03
6.492366430222344144e-03
6.478068460433801350e-03
6.463812432379254132e-03
6.412353219020808411e-03
6.361438646209016494e-03
6.311061522500154876e-03
6.261214775636099808e-03
6.083686043021416766e-03
5.912803952110743007e-03
5.748260482487237491e-03
5.589764509552968066e-03
5.437040737692839729e-03
5.276851220599444031e-03
5.122891515530322501e-03
4.974861698303099933e-03
4.832479005747606152e-03
4.695476724826952442e-03
4.563603130285416414e-03
4.369146112223833492e-03
4.185578754806188601e-03
4.012149352436175306e-03
3.848167623359946121e-03
3.692998975748461917e-03
3.546059306692282958e-03
3.418583774187293478e-03
3.297143867159090403e-03
3.181386613039518044e-03
3.070983520153400606e-03
2.965628613998132386e-03
2.865036660965420041e-03
2.764293447943903890e-03
2.668217040441657039e-03
2.576540342829336527e-03
2.489014394527735031e-03
2.405406951172402250e-03
2.325501188780459364e-03
2.242511887593776239e-03
2.163423446105509559e-03
2.088009363223101815e-03
2.016058739729010077e-03
1.947375039721979499e-03
1.881774959254047192e-03
1.814487999407331242e-03
1.750369912870766709e-03
1.689236352838102261e-03
1.630915694690879617e-03
1.575248023474880256e-03
1.522084209934781518e-03
1.467750014751289904e-03
1.415970370208167843e-03
1.366596916791486347e-03
1.319491516433243502e-03
1.274525440326298954e-03
1.231578627844354731e-03
1.187629243317847366e-03
1.145745421551050674e-03
1.105807245737053636e-03
1.067703057841411706e-03
1.031328802658353604e-03
9.965874292270689855e-04
9.610160500588239233e-04
9.271167829573171088e-04
8.947925368035944621e-04
8.639529082940311045e-04
8.345136506906772811e-04
8.063961890188314253e-04
7.776104910847536763e-04
7.501780132059636657e-04
7.240201770069065517e-04
6.990638169517526508e-04
6.752407503575814278e-04
6.524873850010720275e-04
6.310926309256764850e-04
6.106225869896870096e-04
5.910278405041956935e-04
5.722621133913291264e-04
5.542820324405783438e-04
5.370469188612028450e-04
5.194801052975506336e-04
5.026707040146706539e-04
4.865783395797576398e-04
4.711651919157088084e-04
4.563958097249369052e-04
4.422369389471171998e-04
4.248317595399826382e-04
4.083275117255110820e-04
3.926666606896544185e-04
3.777960253901061004e-04
3.636664003744603758e-04
3.502322118104202403e-04
3.364441507671078703e-04
3.233699531160022468e-04
3.109640219840274452e-04
2.991842118510289346e-04
2.879915275269640342e-04
2.773498517704705928e-04
2.674907120878535828e-04
2.580930355081671908e-04
2.491301442854633192e-04
2.405771899417581878e-04
2.324110083853984086e-04
2.246099883028817429e-04
2.158851116726100941e-04
2.076059756972215052e-04
1.997444827565690855e-04
1.922746341580991165e-04
1.851723499139592665e-04
1.784153049847151545e-04
1.720341935203924732e-04
1.659535272570370368e-04
1.601558358084961310e-04
1.546248536986936212e-04
1.493454244047710930e-04
1.443034130958600132e-04
1.391812650914397065e-04
1.342984729689952750e-04
1.296412221724694419e-04
1.251966439156799711e-04
1.209527405381579794e-04
1.168983173631885899e-04
1.127230532182271321e-04
1.087440868452154276e-04
1.049500207930356856e-04
1.013302425670150654e-04
9.787486230453035696e-05
9.457465587617965377e-05
9.119385504262174044e-05
8.797212274800563869e-05
8.490021641290384992e-05
8.196953046112141327e-05
7.917204569331276085e-05
7.650028308670752059e-05
7.376731236472353775e-05
7.116283961422111947e-05
6.867940393103522394e-05
6.631005824261852603e-05
6.404832850006689118e-05
6.188817643902981005e-05
5.967734584895025219e-05
5.757044904702780553e-05
5.556145241052483331e-05
5.364473777431779056e-05
5.181506944327397775e-05
5.006756408772259758e-05
4.842442071139246374e-05
4.685230446858782479e-05
4.534742068018471605e-05
4.390621530994766238e-05
4.252535733472597406e-05
4.120172259461274720e-05
3.985269820981500092e-05
3.856184760594617692e-05
3.732607023358252137e-05
3.614246171205137763e-05
3.500829951238584788e-05
3.392102979339354433e-05
3.258462251035381015e-05
3.131740169389765280e-05
3.011494981870781244e-05
2.897318352343359734e-05
2.788832459708154180e-05
2.685687358892673430e-05
2.579838968216334759e-05
2.479471713187221307e-05
2.384235565776723076e-05
2.293806982348866531e-05
2.207886594841668621e-05
2.126197121519713101e-05
2.050525318625325461e-05
1.978396023259101509e-05
1.909604484455429692e-05
1.843959984907696926e-05
1.781284730067725705e-05
1.721412838965519484e-05
1.654459459085071672e-05
1.590927302597420749e-05
1.530600760510858542e-05
1.473280322908520597e-05
1.418781197387175027e-05
1.366932053653793760e-05
1.317975079495906282e-05
1.271323672677867243e-05
1.226843801965813707e-05
1.184410675642450175e-05
1.143908006136683628e-05
1.105227341251164575e-05
1.065938142047802210e-05
1.028485335261068679e-05
9.927629612487474966e-06
9.586723108032603585e-06
9.261213532906380216e-06
8.950242145701441720e-06
8.630054520630676116e-06
8.324924143636339990e-06
8.033977010050430547e-06
7.756399275845167769e-06
7.491432484287563939e-06
7.238369207832779731e-06
6.979171829329252939e-06
6.732173170169773754e-06
6.496664646526492665e-06
6.271986481838431991e-06
6.057523830694595251e-06
5.852703241334418026e-06
5.643230023470390204e-06
5.443608684377728006e-06
5.253267384141203373e-06
5.071673640730931160e-06
4.898331206720476149e-06
4.732777218929523764e-06
4.563373291508321412e-06
4.401935832958894352e-06
4.248002526346733658e-06
4.101142867323549823e-06
3.960955640321938463e-06
3.827066615135892758e-06
3.701200393269693462e-06
3.580776831719344006e-06
3.465505257365586210e-06
3.355113417224778125e-06
3.249346130195031248e-06
3.147964051875757856e-06
3.044659057122892908e-06
2.945810571918155491e-06
2.851181163157578067e-06
2.760548408556559438e-06
2.673703802164504751e-06
2.590451747941287382e-06
2.488145869476926347e-06
2.391138669981537807e-06
2.299091960370009182e-06
2.211693113979320267e-06
2.128652849318514039e-06
2.049703213107139661e-06
1.968706822657995804e-06
1.891906662791706098e-06
1.819034865816873726e-06
1.749843815196758315e-06
1.684104381990203124e-06
1.621604328829793383e-06
1.563725767081835385e-06
1.508558163386600459e-06
1.455944894597937622e-06
1.405740063041822361e-06
1.357807648465093455e-06
1.312020737543452996e-06
1.260832900136236547e-06
1.212262231821197936e-06
1.166143865227785294e-06
1.122325231996626778e-06
1.080665008577059617e-06
1.041032158170433873e-06
1.003622018080595447e-06
9.679748390236868351e-07
9.339881769989000935e-07
9.015666432312674084e-07
8.706213433589790196e-07
8.410693673428346069e-07
8.110621513416745410e-07
7.824585282441326175e-07
7.551775455344327429e-07
7.291437844079515466e-07
7.042869238918617133e-07
6.805413428557447097e-07
6.560998955164315361e-07
6.328088120718498792e-07
6.106013465172829552e-07
5.894153424597972082e-07
5.691928694635206301e-07
5.498798909834877539e-07
5.301054842719144140e-07
5.112626247956153237e-07
4.932972228075188450e-07
4.761589103479751770e-07
4.598007460920374693e-07
4.441789459421998340e-07
4.282078332730960963e-07
4.129886969450007007e-07
3.984779043579995064e-07
3.846348228266671971e-07
3.714215818653358909e-07
3.588028562132446677e-07
3.458951989633184924e-07
3.335953155763496672e-07
3.218679449419554986e-07
3.106802497748588348e-07
3.000016246072299801e-07
2.898035205207804445e-07
2.802198121255674565e-07
2.710511299180035626e-07
2.622753130419198540e-07
2.538716035587193178e-07
2.458205439138722357e-07
2.381038829881702832e-07
2.302433300343823231e-07
2.227224533983732829e-07
2.155231571863570463e-07
2.086284884549672343e-07
2.020225539960830602e-07
1.956904438060185726e-07
1.879114694178274578e-07
1.805361892106951775e-07
1.735388345791918481e-07
1.668955830521091597e-07
1.605843897139457397e-07
1.545848338314521275e-07
1.484317377732697059e-07
1.425981834599692971e-07
1.370637654123046792e-07
1.318096198282411587e-07
1.268182904908263282e-07
1.220736073963191346e-07
1.176809333601939070e-07
1.134946043410714392e-07
1.095026905816459957e-07
1.056940789380891860e-07
1.020584083787456050e-07
9.858601137412727322e-08
9.470474217135942770e-08
9.102260844599830429e-08
8.752705165201140640e-08
8.420645004743373679e-08
8.105003845541742190e-08
7.804783533508355601e-08
7.521412420756940829e-08
7.251452726076452169e-08
6.994123759423815140e-08
6.748698621218869126e-08
6.514499927751582817e-08
6.290895922873428043e-08
6.063828927448377236e-08
5.847438675985201696e-08
5.641107848107518116e-08
5.444261368726934376e-08
5.256363079411940906e-08
5.076912699024648209e-08
4.892155459274342893e-08
4.716149617528102816e-08
4.548385652956029951e-08
4.388389148965193206e-08
4.235718008710910438e-08
4.089959912568131622e-08
3.940641268480054283e-08
3.798412138488354580e-08
3.662858941850775735e-08
3.533596642959357303e-08
3.410266482757697415e-08
3.292533908280143201e-08
3.172065136554532816e-08
3.057323568006742470e-08
2.947974792517072949e-08
2.843707496802543852e-08
2.744231627750199270e-08
2.649276716373372813e-08
2.552021165776658243e-08
2.459400228088049849e-08
2.371142764209528790e-08
2.286996393881523093e-08
2.206726001701290341e-08
2.130112373900068379e-08
2.057976395030560983e-08
1.989011310962108602e-08
1.923045930806302241e-08
1.859919998978449236e-08
1.799483389726479660e-08
1.741595369494763248e-08
1.682483418821448303e-08
1.625973211406151817e-08
1.571924163162785052e-08
1.520204676441472092e-08
1.470691478738054903e-08
1.423269014987391993e-08
1.364830062813057701e-08
1.309492701505110118e-08
1.257055363524417456e-08
1.207331943218392430e-08
1.160150438600996322e-08
1.115351717096056904e-08
1.069170667906334718e-08
1.025457869760446134e-08
9.840518977732199416e-09
9.448037848584426911e-09
9.075759168225204091e-09
8.722410338878877176e-09
8.392835208589454919e-09
8.079331272972133692e-09
7.780939145567208532e-09
7.496767054010224802e-09
7.225985351167773006e-09
6.967821538428274397e-09
6.702529878689052626e-09
6.450255628227370754e-09
6.210217359035267018e-09
5.981689005785676270e-09
5.763995359859354025e-09
5.556507964619020264e-09
5.339844021096328390e-09
5.134050009674444781e-09
4.938459377292965888e-09
4.752453786637094109e-09
4.575459109955210034e-09
4.406941784302771193e-09
4.231921358594543896e-09
4.065829028519639764e-09
3.908108634288728360e-09
3.758244862150256601e-09
3.615759798770963745e-09
3.480209802205284460e-09
3.339092436565254523e-09
3.205311414689397572e-09
3.078401456609069786e-09
2.957932051052461776e-09
2.843504472716758308e-09
2.734749077893740006e-09
2.620924661095501211e-09
2.513162092867286390e-09
2.411067987777126607e-09
2.314279018415948065e-09
2.222459280452172795e-09
2.135297908124311562e-09
2.043602331769362174e-09
1.956934027913706303e-09
1.874957563202946516e-09
1.797363834411444562e-09
1.723867699057462904e-09
1.654205836301980810e-09
1.580527574752009570e-09
1.511028873146492101e-09
1.445421601487955287e-09
1.383440975938132036e-09
1.324843391964582443e-09
1.269404473878474363e-09
1.215227544226943752e-09
1.163990900289822070e-09
1.115500725192185229e-09
1.069578215960987366e-09
1.026058248833195087e-09
9.847881768798944028e-10
9.409732126137266830e-10
8.996306369105870996e-10
8.605912702848954728e-10
8.236995235255510881e-10
7.888121485301202672e-10
7.557971125892145575e-10
7.202762740013071788e-10
6.868663496736762162e-10
6.554155052181155657e-10
6.257847112445893666e-10
5.978465091106947345e-10
5.714839033043116934e-10
5.406437019136060884e-10
5.118985593774776812e-10
4.850767736483434001e-10
4.600231003049716539e-10
4.365969581773231587e-10
4.146708363627976611e-10
3.885513863112924959e-10
3.644916880497542336e-10
3.422965688742460838e-10
3.217924189851222406e-10
3.028244938415922410e-10
2.852545561163133204e-10
2.676451118910282313e-10
2.513923067060328488e-10
2.363707672911266468e-10
2.224686218334673215e-10
2.095858421636503824e-10
1.976328046792797982e-10
1.845726781125504822e-10
1.784514448601403429e-10
1.725844421253863689e-10
1.669589505214853018e-10
1.615629839160145682e-10
1.563852462021530911e-10
1.514150955455176762e-10
1.407865697505887182e-10
1.310812524675768179e-10
1.222035560808082172e-10
1.140693135051935257e-10
1.066042628916017912e-10
1.031018513431765182e-10
9.974273407312136798e-11
9.651987418617162585e-11
9.342662893614647111e-11
9.045673069457682944e-11
8.760426935427581039e-11
8.584254734095630155e-11
8.412500133568036246e-11
8.245029689537985741e-11
8.081714732498545859e-11
7.922431119988264980e-11
7.308282847484641566e-11
7.164148846423640744e-11
7.023552943140685128e-11
6.886390226464573430e-11
6.752559956359048650e-11
6.621964935730609668e-11
6.223902893132310814e-11
6.129086273706856067e-11
6.036066522685137641e-11
5.944803223044994687e-11
5.855256108719522079e-11
5.777241811482873238e-11
5.700520179107359807e-11
5.625065483562696905e-11
5.550852578833999702e-11
5.461558402821244690e-11
5.374048383747360315e-11
5.288279645379723679e-11
5.204210548568847576e-11
4.769646147534509683e-11
4.718556307665996983e-11
4.668145978329483224e-11
4.618404211285463832e-11
4.569320411413248816e-11
4.520884169457155455e-11
4.447034566440705011e-11
4.374679927383662109e-11
4.303783873135482756e-11
4.234311113511421316e-11
3.904895483658376974e-11
3.827570202138478020e-11
3.752137832805315924e-11
3.678542588526322400e-11
3.606730963542288760e-11
3.536651324403842368e-11
3.312884511080965617e-11
3.286161409629374750e-11
3.259705295287570876e-11
3.233512948707181759e-11
3.207581072826460242e-11
3.147908177068687492e-11
3.089605002511983276e-11
3.032633916818754498e-11
2.976958582056002424e-11
2.807576487756704548e-11
2.767107018634746847e-11
2.727357097518502414e-11
2.688311607450318597e-11
2.649955486781991203e-11
2.612850794834329389e-11
2.576386554173646287e-11
2.540549556331615565e-11
2.505326908676011826e-11
2.464240475575830677e-11
2.423983705414353161e-11
2.384536567483413548e-11
2.345879607587056188e-11
2.110600295797752372e-11
2.083280920664013452e-11
2.056396525847587513e-11
2.029938754610654547e-11
2.003899580038776811e-11
1.978271144799076684e-11
1.946300156411512534e-11
1.914963825408980004e-11
1.884247098469985140e-11
1.854135360084960901e-11
1.814208915357060974e-11
1.775336390514627836e-11
1.737484680564404739e-11
1.700621878504005363e-11
1.664717226548176087e-11
1.514337781306705007e-11
1.496737079188571556e-11
1.479387212019402234e-11
1.462283886711324491e-11
1.445422951016215415e-11
1.428800331363367405e-11
1.406203929708863658e-11
1.384045024921246489e-11
1.362313520964926309e-11
1.340999606278616507e-11
1.312955306829238160e-11
1.285627639682343315e-11
1.258994861590224969e-11
1.233035988293899953e-11
1.207730764508600293e-11
1.096760208795709749e-11
1.083784550235358424e-11
1.070996490685696391e-11
1.058392780924524227e-11
1.045970278419736220e-11
1.033725901110983953e-11
1.017759745590891615e-11
1.002094518374637199e-11
9.867234752404527271e-12
9.716400560706317810e-12
9.604861852777992169e-12
9.494885999333060447e-12
9.386447023399637507e-12
9.279519439254303165e-12
9.174078227261280975e-12
8.417156022181064377e-12
7.735164424278462691e-12
7.654742630387226246e-12
7.575339268580320631e-12
7.496938928751819382e-12
7.419526771301133601e-12
7.343088140596935235e-12
7.134821070790869542e-12
6.933717208648553839e-12
6.739484719268031526e-12
6.551846195370192184e-12
6.115253814953809072e-12
6.011699137245748013e-12
5.910272596885215360e-12
5.810922264568901634e-12
5.713598001185648566e-12
5.618251084761633565e-12
5.536599384067070106e-12
5.456387480614908555e-12
5.377585326537271989e-12
5.300163609560710599e-12
5.207190025160849232e-12
5.116192697768581117e-12
5.027122049605478127e-12
4.939929927561876395e-12
4.854569550208295353e-12
4.400888295033914230e-12
4.347871581615325080e-12
4.295628433714728874e-12
4.244145434178057641e-12
4.193409574800314398e-12
4.143408102941800929e-12
4.032496057913150805e-12
3.925166483969360417e-12
3.821282886039706031e-12
3.720715059189261196e-12
3.469318203904789865e-12
3.409718497377219171e-12
3.351354833122626254e-12
3.294196900024378469e-12
3.238215427065722923e-12
3.183381973715714495e-12
3.022315957371997677e-12
2.871011863123748472e-12
2.728774864151723248e-12
2.594969594713671640e-12
2.550311334822816043e-12
2.506577644399508095e-12
2.463746567503233755e-12
2.421796653029692907e-12
2.380706645715993586e-12
2.222555295745282101e-12
2.168906403633786090e-12
2.116812233810861935e-12
2.066220613736266667e-12
2.017080673262969292e-12
1.917093953381816985e-12
1.823023148789855607e-12
1.734458660445424014e-12
1.651025006192770480e-12
1.617832134809111195e-12
1.585438793507612319e-12
1.553822776089484233e-12
1.522962539540322019e-12
1.492836969390226884e-12
1.418660851195021148e-12
1.348874176433018188e-12
1.283173374296742800e-12
1.221280105168180523e-12
1.178346618759076358e-12
1.137212309942131243e-12
1.097789767945197267e-12
1.059996340946762287e-12
1.023753652518769450e-12
9.563869614544164332e-13
9.247018498985691438e-13
8.942669392086246918e-13
8.650247907031055827e-13
8.369210007170959229e-13
8.099040155801055679e-13
7.556390580990006600e-13
7.301431388611496799e-13
7.056700355898263876e-13
6.821719806602166316e-13
6.596038323852926951e-13
6.379228651666409768e-13
6.063566646929416776e-13
5.766395735415822430e-13
5.486462775423807699e-13
5.222610845685689047e-13
5.096378548580818290e-13
4.973772098379809776e-13
4.854670346414176440e-13
4.738956967634777065e-13
4.626520042235749141e-13
4.449133758129560232e-13
4.427535225480418063e-13
4.406061740370385693e-13
4.384712424398516395e-13
4.363486396889333347e-13
4.331399205526532557e-13
4.323421426235105948e-13
4.315461167608693248e-13
4.307518384590479725e-13
4.299593031862874688e-13
4.247402897939603372e-13
4.195966531828674896e-13
4.145271248476366614e-13
4.095304623955668192e-13
3.979041232707745968e-13
3.866691244301174481e-13
3.758101963501626393e-13
3.653127433775842485e-13
3.551628129114236334e-13
3.370466099573933874e-13
3.200203013310369578e-13
3.118919785167019054e-13
3.040082405683732451e-13
2.963605588944330362e-13
2.889407431251803132e-13
2.817409260905908845e-13
2.747535500571695653e-13
2.556475844719882346e-13
2.466888400788706807e-13
2.381008786228979207e-13
2.298659688926555910e-13
2.219673424171195046e-13
2.143891347377022534e-13
2.071163313676784405e-13
1.923265782187676606e-13
1.787741718451587320e-13
1.724243475381830154e-13
1.663403918908106760e-13
1.605094717324735218e-13
1.549194492137945604e-13
1.495588423590596107e-13
1.444167914788544810e-13
1.351159757572624773e-13
1.265167469069611505e-13
1.185584529836414192e-13
1.111863369477084307e-13
1.043509115376415094e-13
9.800740582217086351e-14
9.227799016751561789e-14
8.694068513463595368e-14
8.196474045036090887e-14
7.732212295837079567e-14
7.298725129042523494e-14
6.893675713997317335e-14
6.534324972621061136e-14
6.196900594753358288e-14
5.879869578886351874e-14
5.581819729818290800e-14
5.301449056030845609e-14
5.037556213431541436e-14
4.799673858285889588e-14
4.634379197831725563e-14
4.554255318063784007e-14
4.505336769832472201e-14
4.457037074896077118e-14
4.409347204177936512e-14
4.362258278478210639e-14
4.315761565653431254e-14
4.269848477458870636e-14
4.125687203435877425e-14
3.987233074536106544e-14
3.854226689792380447e-14
3.726421968130505476e-14
3.603585392604428904e-14
3.485495288977428557e-14
3.284478090286281039e-14
3.096987017560679028e-14
2.921982270367702374e-14
2.758513881689282226e-14
2.605713175891563213e-14
2.462785029815208739e-14
2.340668291072595143e-14
2.225619547055985445e-14
2.117171215142006228e-14
2.014890498864516411e-14
1.918376509248856804e-14
1.827257659347343249e-14
1.741991001940893836e-14
1.661367577564442972e-14
1.585098433695493327e-14
1.512914837299096101e-14
1.444566705039279598e-14
1.379821167774776457e-14
1.319293818682804995e-14
1.261864348040764115e-14
1.207351585615934446e-14
1.155586274651829642e-14
1.106410202256790051e-14
1.059675399723698721e-14
1.016064136704093770e-14
9.745467952996006693e-15
9.350085069698153167e-15
8.973414884704293826e-15
8.614445566370992326e-15
8.272226799421883781e-15
7.951598179214238929e-15
7.645466543386757949e-15
7.353083022679410448e-15
7.073742242880302381e-15
6.806779520219688914e-15
6.551568256762960155e-15
6.293877800055683354e-15
6.048004326131593826e-15
5.813329045697409358e-15
5.589269586477908303e-15
5.375277616113144747e-15
5.170836631730911538e-15
4.965991665776179725e-15
4.770603352696113623e-15
4.584173404474049748e-15
4.406233029756707466e-15
4.236340997105601835e-15
4.074081835427029925e-15
3.921993148686029771e-15
3.776520685432978097e-15
3.637335928446636635e-15
3.504128685253070765e-15
3.376605953671102466e-15
3.254490865352349455e-15
3.140157040902480414e-15
3.030504068889658846e-15
2.925313208544122503e-15
2.824377202786695389e-15
2.727499609357222642e-15
2.634494175144751615e-15
2.548277910177533981e-15
2.465350048779454002e-15
2.385567409317596961e-15
2.308793814878282209e-15
2.234899713035646554e-15
2.163761818584685666e-15
2.101875683434737199e-15
2.042053368421951113e-15
2.004179213088060604e-15
1.967125474197641393e-15
1.930871821267939115e-15
1.895398490827143013e-15
1.860686268954667940e-15
1.826716474510129284e-15
1.767370801890931949e-15
1.710271146951501139e-15
1.655320512725450877e-15
1.602426606454228700e-15
1.551501587655996038e-15
1.502461830069107399e-15
1.448287919360525183e-15
1.396387590066545779e-15
1.346652052568731012e-15
1.298978359504096355e-15
1.253269058521509912e-15
1.209431866493158950e-15
1.169496725951495004e-15
1.131096836143213434e-15
1.094164887813900496e-15
1.058636884298514660e-15
1.024451960637227200e-15
9.915522138170517031e-16
9.609107016309120791e-16
9.313717903890465351e-16
9.028902252426166597e-16
8.754228366386538372e-16
8.489284337910376855e-16
8.233677042027398217e-16
7.991979009925917610e-16
7.758543212271610826e-16
7.533047471008922596e-16
7.315183713879487967e-16
7.104657289684460031e-16
6.901186320213146767e-16
6.708045460543077130e-16
6.521199605363775331e-16
6.340414697851892074e-16
6.165466453225378532e-16
5.996139906330218932e-16
5.832228982279561198e-16
5.697701405891363731e-16
5.566790060800346788e-16
5.439383978231266092e-16
5.315376015279762352e-16
5.194662708575578901e-16
5.077144134571825377e-16
4.944008744907663707e-16
4.814939174572163705e-16
4.689793772044407327e-16
4.568436427725195719e-16
4.450736333817525200e-16
4.336567755088184088e-16
4.225954108090914818e-16
4.118626300524449233e-16
4.014472980344825881e-16
3.913387033090662971e-16
3.815265402994094359e-16
3.720008922376448479e-16
3.629598383928398376e-16
3.541747043727665724e-16
3.456372252467954679e-16
3.373394358418410779e-16
3.292736586823889070e-16
3.214324924686482751e-16
3.140829659967146370e-16
3.069291867371125257e-16
2.999652057345811580e-16
2.931852770998228926e-16
2.865838503202043228e-16
2.801555628943523661e-16
2.745477233741932319e-16
2.690706887613435005e-16
2.672671162279559021e-16
2.654776626455874390e-16
2.642478260167907283e-16
2.630246454440626562e-16
2.618080796997905603e-16
2.605980878444595000e-16
2.593946292241846010e-16
2.581976634681798966e-16
2.542854089548855424e-16
2.504422845301744284e-16
2.466668947252604442e-16
2.429578757516146854e-16
2.393138947054684039e-16
2.357336487849796903e-16
2.293627173550664783e-16
2.231921622477083681e-16
2.172147988818800722e-16
2.114237317559999238e-16
2.058123415921990186e-16
2.003742730588568083e-16
1.952899639269991084e-16
1.903558160576637451e-16
1.855667727322981045e-16
1.809179683598798195e-16
1.764047204656795857e-16
1.720225220522012061e-16
1.679814817137542421e-16
1.640509593109117796e-16
1.602275077432941177e-16
1.565078006088177311e-16
1.528886275174675558e-16
1.493668896090624433e-16
1.460251009977327574e-16
1.427703645420922365e-16
1.396000937695769129e-16
1.365117884884879477e-16
1.335030315968662288e-16
1.305714860217609187e-16
1.277544727676204345e-16
1.250082262527785731e-16
1.223307186879776618e-16
1.197199875256802359e-16
1.171741331324339384e-16
1.146913165526858116e-16
1.122866793410763953e-16
1.099407478775781341e-16
1.076518873084462823e-16
1.054185139013339831e-16
1.032390932725230712e-16
1.011121386818101383e-16
9.911864608790405365e-17
9.717092543832134499e-17
9.526777774783751402e-17
9.340803930179884177e-17
9.159058050525709658e-17
8.981430477393094160e-17
8.807868269177463409e-17
8.638212124181922708e-17
8.472361752809889372e-17
8.310219757241665029e-17
8.151691538959494936e-17
7.996685209515024346e-17
7.847073306863323798e-17
7.700721389055346928e-17
7.557548412673158123e-17
7.417475597031077054e-17
7.280426354099067815e-17
7.146326220818729639e-17
7.018844794347894791e-17
6.894012132592288975e-17
6.771765439408096483e-17
6.652043590800090595e-17
6.534787085526322833e-17
6.419937997320799216e-17
6.315604517018660533e-17
6.213246378708953889e-17
6.112820900029216337e-17
6.037522795752058058e-17
5.991148396564818196e-17
5.945189561629292415e-17
5.899642034955650766e-17
5.854501609581132541e-17
5.809764126951036980e-17
5.765425476305708090e-17
5.645137907203182696e-17
5.527771637272890880e-17
5.413245764115029535e-17
5.301481900145034313e-17
5.192404086145487569e-17
5.085938707990111813e-17
4.972616950470997872e-17
4.862233468629804141e-17
4.754701411194441364e-17
4.649936807849650827e-17
4.547858463389917303e-17
4.448387855982959299e-17
4.362174493218662684e-17
4.277906354466153193e-17
4.195533383881268837e-17
4.115006971652438710e-17
4.036279907668797081e-17
3.959306336901069223e-17
3.887080292896197050e-17
3.816388346162300659e-17
3.747193329005557232e-17
3.679459084821165829e-17
3.613150437600102278e-17
3.548233162454009996e-17
3.485305832359769856e-17
3.423677976519340379e-17
3.363318984566899908e-17
3.304199055805456001e-17
3.246289175457831664e-17
3.189561091682349916e-17
3.133733239014777318e-17
3.079043196702567777e-17
3.025464512601426840e-17
2.972971425112927691e-17
2.921538843192428330e-17
2.871142326991047429e-17
2.820508993786506546e-17
2.793453935511726101e-17
2.766701446179148108e-17
2.740247660989922515e-17
2.714088770627219623e-17
2.688221020382319814e-17
2.662640709302412344e-17
2.626598477356647963e-17
2.591124663362713716e-17
2.556209035414179083e-17
2.521841568535546288e-17
2.488012440052015494e-17
2.454712025063228345e-17
2.418215563870354869e-17
2.382351146082368464e-17
2.347106281578645809e-17
2.312468757496443555e-17
2.278426631405990864e-17
2.244968224662387238e-17
2.212211411568083078e-17
2.180011327971596363e-17
2.148357176526033987e-17
2.117238395114220338e-17
2.086644651162240922e-17
2.056565836104370859e-17
2.028228288044252395e-17
2.000345600075787020e-17
1.972909439802536637e-17
1.945911646305420215e-17
1.919344226226839374e-17
1.893199349954598278e-17
1.871381165951646297e-17
1.856776238792275148e-17
1.842304220135250210e-17
1.827963728310974028e-17
1.813753397799988610e-17
1.799671879024513077e-17
1.785717838142931535e-17
1.760795910418258312e-17
1.736279127778746496e-17
1.712159974281567231e-17
1.688431090609366620e-17
1.665085270455295835e-17
1.642115456994281910e-17
1.607443340345637936e-17
1.573622915112944297e-17
1.540630336289100582e-17
1.508442507894168495e-17
1.477037056950931940e-17
1.452175575185347845e-17
1.427801266544586699e-17
1.403903243044501012e-17
1.380470889883931907e-17
1.357493857850650568e-17
1.334962055975114782e-17
1.314082788580950319e-17
1.293583757468269251e-17
1.273457063597327158e-17
1.253694992193033290e-17
1.234290007980536386e-17
1.215234750556174398e-17
1.196662493149710247e-17
1.178420736850805080e-17
1.160502772349398952e-17
1.142902043287129407e-17
1.125612142390422995e-17
1.108626807710638442e-17
1.091735870182020146e-17
1.075144583458173410e-17
1.058846883445165190e-17
1.042836843859692516e-17
1.027108672755619764e-17
1.011656709146218473e-17
9.947509096822634192e-18
9.781739698612723532e-18
9.619185941622147829e-18
9.459776687644655865e-18
9.349052151897940002e-18
9.239837465234047995e-18
9.132109128728419043e-18
9.097159687968878388e-18
9.062366275797432870e-18
9.027728096124575162e-18
8.993244357428150047e-18
8.958914272725527036e-18
8.924737059546433977e-18
8.848309779545306472e-18
8.772645365186132600e-18
8.697735120962907578e-18
8.623570462782749518e-18
8.550142916384758704e-18
8.477444115786582530e-18
8.386457234008403255e-18
8.296608173026039399e-18
8.207880690344077133e-18
8.120258804017382559e-18
8.033726788017363578e-18
7.948269167682907942e-18
7.855604351952310843e-18
7.764198060144356323e-18
7.674030784371362365e-18
7.602360799353420829e-18
7.531470858409669400e-18
7.461351267977579720e-18
7.411033786210561533e-18
7.361111919688675468e-18
7.311582115442511911e-18
7.262440856423621297e-18
7.228752957581038060e-18
7.195247308553367567e-18
7.177888308580881031e-18
7.160578170028235500e-18
7.143316735686758542e-18
7.126103848916994795e-18
7.108939353645985012e-18
7.057407413528026662e-18
7.006310942184620241e-18
6.955645736657775757e-18
6.905407639604314243e-18
6.855592538745785190e-18
6.806196366319648925e-18
6.729839982695980832e-18
6.654481528913028768e-18
6.580106118962193869e-18
6.506699116335317502e-18
6.434246129384183873e-18
6.362733006768559186e-18
6.257461311987304098e-18
6.154216815820605536e-18
6.052955002797058571e-18
5.953632454782809507e-18
5.856206821025246318e-18
5.760636789038659447e-18
5.670848867154211033e-18
5.582690006557918408e-18
5.496126498314046069e-18
5.411125416599959090e-18
5.327654598527353138e-18
5.245682624542278819e-18
5.171772880292623087e-18
5.099075599636680382e-18
5.027568093221545477e-18
4.957228148497488205e-18
4.888034018604564223e-18
4.819964411552713626e-18
4.754289870648180575e-18
4.689657260950451945e-18
4.626047724602026186e-18
4.563442787046795759e-18
4.501824348389572752e-18
4.441174674969974354e-18
4.379978224682042367e-18
4.319763568315249647e-18
4.260512737603758956e-18
4.202208133575400243e-18
4.144832518133938530e-18
4.088369005850114146e-18
4.024562967448614344e-18
3.961915958422594081e-18
3.900403969544952431e-18
3.840003549938621789e-18
3.780691792684222057e-18
3.734512671809992156e-18
3.688990415589600714e-18
3.644114363119334376e-18
3.599874047836852686e-18
3.556259193592775571e-18
3.513259710817666743e-18
3.481855684598960074e-18
3.450778730324507612e-18
3.420024959160070844e-18
3.389590534232413360e-18
3.359471669859981595e-18
3.329664630797263511e-18
3.298150128456679275e-18
3.266983127922704600e-18
3.236159255239335667e-18
3.205674198295704777e-18
3.175523705851986591e-18
3.145719159700639844e-18
3.116240514118942634e-18
3.087083701235771744e-18
3.058244710242204382e-18
3.029719586526353470e-18
3.001504430784732398e-18
2.969907992921422281e-18
2.938698974454362100e-18
2.907871953967537913e-18
2.877421595287639356e-18
2.847342645994145985e-18
2.817629935955159454e-18
2.780610876940437923e-18
2.744158072661751199e-18
2.708261642351020379e-18
2.672911898866045703e-18
2.638099344482141237e-18
2.603814666780513260e-18
2.561460976521524976e-18
2.519908924846223630e-18
2.479141212615270848e-18
2.439140959705628223e-18
2.399891693765912877e-18
2.361377339286984611e-18
2.330028335042216970e-18
2.299163826792436771e-18
2.268775273297991835e-18
2.238854302400312194e-18
2.209392707309385841e-18
2.180382442988422298e-18
2.150204629073683668e-18
2.120512995480852583e-18
2.097012654797684469e-18
2.073815603961165527e-18
2.050917376479636697e-18
2.028313579862916200e-18
2.005999894202312158e-18
1.983497985210185083e-18
1.961290003394434949e-18
1.939371567838677013e-18
1.917738370997586852e-18
1.896386177364419536e-18
1.875310822096028540e-18
1.851062305786918229e-18
1.827178790320624673e-18
1.803654008533646133e-18
1.780481814119724418e-18
1.757656179036213132e-18
1.735171190968488441e-18
1.712251902333699229e-18
1.689685003993279534e-18
1.667464315973579108e-18
1.645583780003339772e-18
1.624037456853353876e-18
1.602819523741573952e-18
1.585531604098062510e-18
1.568460818214261435e-18
1.551604054237488338e-18
1.534958250411578628e-18
1.518520394182272569e-18
1.502287521321673655e-18
1.485358843733106920e-18
1.468652278925183554e-18
1.455305276500273924e-18
1.442099554959507540e-18
1.429033407385986453e-18
1.416105150061897682e-18
1.403313122104422707e-18
1.389692581693209308e-18
1.376226004303725099e-18
1.362911403770848752e-18
1.349746822722690157e-18
1.336730332126014527e-18
1.323860030820296962e-18
1.307626723722335966e-18
1.291625134166204523e-18
1.275851489092787609e-18
1.260302084444069670e-18
1.244973283761146018e-18
1.229861516810953508e-18
1.212090068182962073e-18
1.194617436345115380e-18
1.177437891961723365e-18
1.160545829019361710e-18
1.143935761883328657e-18
1.127602322429047473e-18
1.113703261785312146e-18
1.100003621143877917e-18
1.086500136780649322e-18
1.073189604953821296e-18
1.060068880680958722e-18
1.047134876545235723e-18
1.034728034378012225e-18
1.022492309811060279e-18
1.010425010583822399e-18
9.985234920065849303e-19
9.867851560283323915e-19
9.752074503246807835e-19
9.630573587298537153e-19
9.510834563548206300e-19
9.392828290148869204e-19
9.276526166521696112e-19
9.161900122207319812e-19
9.048922605964419260e-19
8.893615289665244488e-19
8.741407885566679506e-19
8.624575465657270738e-19
8.509560133498690674e-19
8.396329659939230678e-19
8.284852457588195742e-19
8.175097566635718530e-19
8.067034641078473752e-19
7.986834495106096310e-19
7.907562671469582028e-19
7.829206909260284986e-19
7.751755129471244725e-19
7.675195432009496909e-19
7.599516092766370838e-19
7.517727473204016996e-19
7.436963539192080883e-19
7.357209644764106439e-19
7.278451378976987242e-19
7.215810019976144137e-19
7.153796461018135994e-19
7.092403521278651176e-19
7.031624112338988333e-19
6.971451236773884639e-19
6.897387994356974675e-19
6.824240688195788927e-19
6.751996395166709241e-19
6.680642396992156505e-19
6.610166176664447851e-19
6.540555414853912280e-19
6.436853888131794043e-19
6.335064620055783300e-19
6.235147416618344261e-19
6.155908632681447310e-19
6.077841604241063289e-19
6.000926570266427681e-19
5.925144143875867008e-19
5.850475304496927353e-19
5.776901390219642856e-19
5.710538611154379066e-19
5.645063056742348015e-19
5.580461197011486467e-19
5.516719733697435461e-19
5.453825595845750542e-19
5.391765935504796327e-19
5.329606909231698435e-19
5.268281829224854062e-19
5.207777933565077854e-19
5.148082679651912951e-19
5.089183740023487680e-19
5.031068998262761751e-19
4.965742756877099876e-19
4.901403372595311471e-19
4.838033845278477302e-19
4.775617503583419501e-19
4.714137997912513375e-19
4.653579293524096735e-19
4.593716137290732827e-19
4.534748884526541454e-19
4.476662245692208330e-19
4.419441224205525910e-19
4.363071110215914397e-19
4.307537474524259943e-19
4.260801445294901929e-19
4.214655522003521737e-19
4.169091205488292757e-19
4.124100134063106626e-19
4.079674081051124309e-19
4.035804952369951246e-19
3.992382063962006960e-19
3.949502867024854099e-19
3.907159596341294283e-19
3.865344611251536498e-19
3.824050393437448891e-19
3.783269544749644189e-19
3.736460999383998900e-19
3.690326197809136145e-19
3.644854081225181431e-19
3.600033794639854731e-19
3.555854682704212243e-19
3.512306285638363256e-19
3.465144583433977445e-19
3.418719430931048645e-19
3.373017712973817210e-19
3.328026576565101786e-19
3.283733425056219338e-19
3.240125912474896123e-19
3.203371667768556027e-19
3.167102484282853303e-19
3.131311060980782492e-19
3.095990220226840388e-19
3.061132905473715992e-19
3.026732178999602570e-19
2.992918268478953293e-19
2.959543851990873916e-19
2.926602414544649995e-19
2.894087549601888444e-19
2.861992957074563435e-19
2.830312441363307007e-19
2.793695078834176547e-19
2.757628687065954635e-19
2.722103813751440398e-19
2.687111188631166992e-19
2.652641719606739195e-19
2.618686488941778185e-19
2.586755932619946219e-19
2.555278219813405574e-19
2.524246027318648059e-19
2.493652164896417393e-19
2.463489572593985287e-19
2.433751318127678796e-19
2.407263838893076882e-19
2.381111707022838460e-19
2.355290080322705866e-19
2.329794195137003893e-19
2.304619364875296175e-19
2.280013123156908585e-19
2.255712499137539708e-19
2.231713163492036349e-19
2.208010855779247857e-19
2.184601383250961231e-19
2.161480619635347503e-19
2.135527323968164714e-19
2.109936440897307792e-19
2.084702199915007472e-19
2.059818933681994550e-19
2.035281075976135560e-19
2.011083159684135863e-19
1.986371359019785068e-19
1.962012662780137728e-19
1.938001318273673828e-19
1.914331678028973171e-19
1.890998197659011462e-19
1.867995433774305915e-19
1.846123195574291076e-19
1.824548774878086122e-19
1.803267547840478306e-19
1.782274971216818831e-19
1.765763063586119719e-19
1.749429114288723508e-19
1.733270935484107353e-19
1.717286369588309333e-19
1.701473288771388815e-19
1.684487092766661255e-19
1.667698137409540175e-19
1.651103810465720451e-19
1.634701538566273978e-19
1.618488786574227201e-19
1.602463056938550764e-19
1.575025938079451314e-19
1.554893631986013496e-19
1.535060481354106977e-19
1.515521418638948229e-19
1.496271472654594979e-19
1.477305766535803645e-19
1.458619515758955039e-19
1.444163645906771676e-19
1.429874393219161964e-19
1.415749567475781258e-19
1.401787010833893673e-19
1.387984597232669673e-19
1.373353491508043483e-19
1.358901725754479784e-19
1.344626793168044619e-19
1.330526226305325360e-19
1.316597596397799166e-19
1.302838512666133075e-19
1.286777450638830485e-19
1.270946537913007925e-19
1.255342014848306205e-19
1.239960190753789868e-19
1.224797442481386142e-19
1.209850213052332173e-19
1.195725589749791453e-19
1.181792651439328999e-19
1.168048432368658384e-19
1.154490018300626522e-19
1.141114545520671945e-19
1.127919199866227853e-19
1.113002665024064755e-19
1.101567470916416839e-19
1.090268866892333140e-19
1.079104992486966153e-19
1.068074015718699930e-19
1.057174132582742574e-19
1.046343609301948454e-19
1.035642076699348794e-19
1.025067782960281954e-19
1.014619002992685419e-19
1.004294037986578088e-19
9.940912149563595268e-20
9.781258698552167336e-20
9.659118594283703224e-20
9.538750753133379745e-20
9.420125863623005687e-20
9.303215158432535686e-20
9.187990403157598627e-20
9.074423885376767328e-20
8.970254666202996972e-20
8.867475079895993657e-20
8.766063993594512000e-20
8.666000635350510314e-20
8.588855251106919986e-20
8.512508233472532881e-20
8.436950159800844625e-20
8.362171732513301057e-20
8.288163777047951728e-20
8.198976519298667636e-20
8.110904559394524540e-20
8.023931996705008017e-20
7.938043185197356533e-20
7.853222728875624702e-20
7.769455477288495020e-20
7.670587355354685733e-20
7.573180698550003577e-20
7.477210886185701265e-20
7.382653763127023726e-20
7.289485630005338417e-20
7.197683233679189688e-20
7.099978054042742403e-20
7.032800245276932387e-20
6.966361093721720931e-20
6.900651338360174419e-20
6.835661848853593934e-20
6.771383623128960591e-20
6.705107167151877323e-20
6.639584479120776231e-20
6.574805784793435816e-20
6.510761452308552673e-20
6.447441989893013382e-20
6.384838043532183712e-20
6.277329374519355451e-20
6.198288039410488441e-20
6.120402501832409366e-20
6.043653501909164075e-20
5.968022139955661626e-20
5.893489869003518132e-20
5.820038487508808307e-20
5.744470329249273792e-20
5.684959133462636814e-20
5.626164077168810541e-20
5.568075336551607075e-20
5.510683239248657304e-20
5.453978261513768593e-20
5.399028582107872899e-20
5.344721964521745793e-20
5.291049829693066466e-20
5.238003727088147983e-20
5.185575332638920843e-20
5.133756446578288834e-20
5.046211855997740264e-20
4.990256334964412326e-20
4.935021305604119964e-20
4.880496194455446050e-20
4.826670602226457043e-20
4.773534300621603412e-20
4.721077229227832766e-20
4.655323501497808501e-20
4.611253051170294594e-20
4.567667119526730082e-20
4.524559633953187486e-20
4.481924607490831424e-20
4.439756137245743260e-20
4.395820570339532354e-20
4.352389864946939302e-20
4.309457408189912278e-20
4.267016684478896846e-20
4.225061273937868230e-20
4.183584850793901798e-20
4.122444793638813819e-20
4.074040592002189416e-20
4.026296049740832852e-20
3.979200923015493692e-20
3.932745146535896357e-20
3.886918830113959279e-20
3.841712255274923149e-20
3.791951148228614726e-20
3.754818634708769020e-20
3.718108230421643680e-20
3.681814466272021441e-20
3.645931952834453911e-20
3.610455378884207946e-20
3.573975414854706523e-20
3.537923271631052780e-20
3.502293230973057900e-20
3.467079660458741197e-20
3.432277012095206205e-20
3.397879820879042947e-20
3.353853285787474948e-20
3.310488477369294232e-20
3.267774066114550850e-20
3.233767081262816232e-20
3.200170762388043123e-20
3.166979458164315561e-20
3.134187604520754922e-20
3.101789723271298399e-20
3.069780420652991003e-20
3.037690943403232913e-20
3.005990655222801428e-20
2.974674177366619051e-20
2.943736214672630875e-20
2.913171554008636575e-20
2.882975062691771183e-20
2.838742961820418769e-20
2.795297483947681854e-20
2.763371080888489845e-20
2.731867595521835937e-20
2.700780644300654233e-20
2.670103949487585858e-20
2.639831344440620268e-20
2.609956767854919807e-20
2.579694446890996214e-20
2.549839009852542632e-20
2.527163724934671331e-20
2.504722355981700239e-20
2.482512153080459012e-20
2.460530402491139401e-20
2.438774426195664080e-20
2.411907175806722438e-20
2.385383121882324879e-20
2.359197270204530574e-20
2.333344708097552145e-20
2.307820602977761522e-20
2.282620200919864295e-20
2.257371133137314014e-20
2.232445844003215582e-20
2.207839603835883136e-20
2.183547760492815007e-20
2.159565737964032403e-20
2.135889034988883750e-20
2.113576772176613721e-20
2.091534697665588376e-20
2.069759084180501662e-20
2.048246262156781762e-20
2.026992618749350159e-20
2.005994596860363748e-20
1.973056085320922360e-20
1.947563489130915651e-20
1.922452463386361455e-20
1.897716504801006236e-20
1.873349234437588602e-20
1.854083793210256756e-20
1.835047938981774263e-20
1.816238555142213002e-20
1.797652572564108208e-20
1.779286968799929177e-20
1.761138767296254415e-20
1.744215127928296349e-20
1.727479926918610216e-20
1.710930774050438562e-20
1.694565313137269568e-20
1.678381221485720468e-20
1.662376209367785191e-20
1.641420469334279571e-20
1.620770616348540430e-20
1.600421566752980183e-20
1.580368331673627000e-20
1.560606015062657755e-20
1.541129811782879542e-20
1.523374451824867270e-20
1.505855942214228620e-20
1.492163121073000483e-20
1.478614509926809660e-20
1.465208378670352550e-20
1.451943020517661063e-20
1.438816751643334064e-20
1.422242936239050957e-20
1.405890120982513409e-20
1.389754950482135820e-20
1.373834126512795412e-20
1.358124406948028653e-20
1.342622604688501468e-20
1.328349339064852241e-20
1.314251704660680560e-20
1.300327240584386359e-20
1.286573524638891930e-20
1.272988172644833723e-20
1.259568837777592268e-20
1.246300743636975058e-20
1.233194385979220180e-20
1.220247519892168952e-20
1.207457935427852090e-20
1.194823456998464213e-20
1.182341942784134668e-20
1.167899180932993662e-20
1.153660472991344410e-20
1.139622537367804521e-20
1.125782151671531504e-20
1.112136151528836166e-20
1.098681429424812037e-20
1.085660949602531421e-20
1.075568806144838058e-20
1.065585184209463535e-20
1.055708754981228665e-20
1.045938207915012276e-20
1.036272250448590095e-20
1.024240017510075804e-20
1.012369299464994993e-20
1.000657628512847071e-20
9.891025791569390514e-21
9.777017674079882464e-21
9.664528499872264710e-21
9.563047743167330773e-21
9.462798744356979228e-21
9.363764484154991504e-21
9.265928207124066683e-21
9.169273417126446958e-21
9.073783872867514358e-21
8.976832962451289118e-21
8.881079108342580491e-21
8.786505487372342301e-21
8.693095541616600788e-21
8.600832973758812294e-21
8.509701742542685485e-21
8.413795981853447183e-21
8.319138750551194903e-21
8.225711551258590847e-21
8.133496194002927041e-21
8.042474790553618967e-21
7.952629748872287842e-21
7.871641089553061936e-21
7.791604984265051965e-21
7.712508681696264993e-21
7.634339622032239587e-21
7.557085433767245995e-21
7.480733930575734825e-21
7.360210579433440151e-21
7.270423127037007285e-21
7.181899750816580483e-21
7.094620204383612903e-21
7.008564605016391033e-21
6.923713426410054982e-21
6.840047491601434525e-21
6.780285361916004783e-21
6.721125917138557245e-21
6.662562239329420792e-21
6.604587499796504389e-21
6.547194957592713622e-21
6.475331805479423629e-21
6.404378539464697046e-21
6.334322052283604723e-21
6.265149448538060434e-21
6.196848040867833671e-21
6.129405346152209541e-21
6.065098720636484747e-21
6.001570102086222886e-21
5.938808781486705538e-21
5.876804215165254693e-21
5.815546021949136437e-21
5.755023980388200693e-21
5.692945091004406685e-21
5.631638058798977445e-21
5.571091966560057657e-21
5.511296070253602531e-21
5.452239795978258373e-21
5.393912736979656583e-21
5.335627069942401883e-21
5.278067053685454760e-21
5.221222411908967997e-21
5.165083031516799602e-21
5.109638959743621165e-21
5.054880401337250753e-21
5.002898950907180677e-21
4.951533150823369496e-21
4.900774707127599387e-21
4.850615451171925505e-21
4.801047337519820095e-21
4.752062441886415250e-21
4.695190311688336505e-21
4.639101524280379438e-21
4.583783811174779183e-21
4.529225119305487778e-21
4.475413606837814774e-21
4.422337639064097497e-21
4.377092131632092137e-21
4.332379241653102383e-21
4.288191838657407422e-21
4.244522899269184895e-21
4.201365505319831552e-21
4.142115613354577074e-21
4.083826123318291271e-21
4.040466142824348949e-21
3.997635483781175143e-21
3.955326798723832335e-21
3.913532854522118264e-21
3.872246530400291663e-21
3.831460816027640607e-21
3.796691907517619848e-21
3.762285655691201621e-21
3.728237758666050368e-21
3.694543971782673591e-21
3.661200106763638335e-21
3.628202030885232473e-21
3.581178460122417285e-21
3.534854627276984559e-21
3.498084024133938982e-21
3.461752657091142887e-21
3.425854561153781881e-21
3.390383862141974290e-21
3.355334775156851460e-21
3.320701603079537986e-21
3.289667796396412814e-21
3.258966895094274368e-21
3.228594838889030218e-21
3.198547623019918566e-21
3.168821297408234970e-21
3.139411965830326735e-21
3.103620768497051776e-21
3.068297518627780688e-21
3.033435262949370106e-21
2.999027163986685351e-21
2.965066497926684686e-21
2.931546652523698164e-21
2.901664572487962774e-21
2.872131621728399424e-21
2.842943163913656727e-21
2.814094631724766642e-21
2.785581525716404916e-21
2.757399413199552672e-21
2.724722314414430992e-21
2.692488658469790139e-21
2.660691607956524361e-21
2.629324443596808619e-21
2.598380561983525522e-21
2.567853473365338314e-21
2.541652470561215973e-21
2.515757427886626449e-21
2.490164285186491672e-21
2.464869042687561786e-21
2.439867760003064085e-21
2.415156555156369758e-21
2.387278484102835740e-21
2.359768334946939165e-21
2.332620591358005571e-21
2.305829829668308383e-21
2.279390717149004258e-21
2.253298010320043045e-21
2.230112806582932795e-21
2.207200166573285311e-21
2.184556449684592271e-21
2.162178069795457184e-21
2.140061494365793330e-21
2.118203243550116586e-21
2.094613930179026043e-21
2.071324461074144058e-21
2.048330506790139018e-21
2.025627807909258698e-21
2.003212173786538003e-21
1.981079481319040959e-21
1.960415219865286900e-21
1.939996763409868408e-21
1.919820790475186831e-21
1.899884029860567952e-21
1.880183259798805107e-21
1.860715307128506213e-21
1.840651198350102578e-21
1.820833559483924229e-21
1.801258951600375944e-21
1.781923989510911615e-21
1.762825340837492976e-21
1.743959725099507350e-21
1.725394797413597760e-21
1.707054774532088915e-21
1.688936561882708191e-21
1.671037112577825444e-21
1.653353426600181485e-21
1.635882550003897992e-21
1.618714181092299779e-21
1.601750634992523801e-21
1.584989136404721989e-21
1.568426952137300787e-21
1.552061390398915070e-21
1.535889800103550871e-21
1.518946658528822708e-21
1.502215721739667231e-21
1.485693971575762268e-21
1.469378437933546187e-21
1.453266197918405671e-21
1.437354375013000299e-21
1.421886571924732266e-21
1.406607511936101253e-21
1.391514579648189225e-21
1.376605200222796788e-21
1.361876838673281556e-21
1.347192725218892788e-21
1.332687938466951325e-21
1.318359991472800395e-21
1.304206435896377895e-21
1.290224861353672646e-21
1.276412894753181345e-21
1.262345992662866195e-21
1.248454419884667949e-21
1.234735694961059599e-21
1.221187375721583147e-21
1.207807058586062445e-21
1.194488397619340388e-21
1.181335622643388141e-21
1.168346387439958429e-21
1.155518382917774223e-21
1.142849336477395599e-21
1.130337011361081842e-21
1.116384386616720275e-21
1.102625932827867806e-21
1.091966849566539476e-21
1.081423908956413989e-21
1.070995673546245350e-21
1.060680725816143086e-21
1.050477667853376165e-21
1.036575416901627175e-21
1.022880158265464743e-21
1.012402285354347827e-21
1.002045129515779287e-21
9.918071110268145576e-22
9.816866732755502926e-22
9.716822823826279728e-22
9.617924268385683208e-22
9.521763322596641391e-22
9.426681803071921701e-22
9.332665945081612852e-22
9.239702180089519630e-22
9.147777132662524932e-22
9.056877617430330678e-22
8.949181503517553351e-22
8.842920061065477094e-22
8.738071582325322915e-22
8.656170336345466080e-22
8.575128404783013243e-22
8.494935541792924512e-22
8.415581638264101105e-22
8.337056719622882000e-22
8.234825534636383789e-22
8.133994718850784650e-22
8.034542479544247657e-22
7.936447402721377350e-22
7.839688445858044165e-22
7.744244930636818050e-22
7.658674510077686907e-22
7.574157644033850221e-22
7.490679588713971294e-22
7.408225830616404867e-22
7.326782082522033736e-22
7.246334279575051159e-22
7.158449803667414952e-22
7.071749654852302217e-22
6.986215689279925536e-22
6.920541579960634078e-22
6.855552682183233458e-22
6.791240863124821562e-22
6.727598097826811469e-22
6.664616467459976080e-22
6.586115216868782827e-22
6.508637704796084064e-22
6.432168743919763859e-22
6.356693398054708216e-22
6.282196977571597020e-22
6.208665034791587063e-22
6.136256811712011549e-22
6.064780413456320816e-22
5.994222190072200411e-22
5.924568714252777212e-22
5.855806777286384050e-22
5.787923385093837543e-22
5.712426604129171185e-22
5.653131853182228777e-22
5.594513451576875712e-22
5.536562608045197790e-22
5.479270658492490025e-22
5.422629063929669285e-22
5.356571773045925459e-22
5.291395918029261304e-22
5.227088090419473590e-22
5.163635108385925051e-22
5.101024012530846173e-22
5.039242061651863320e-22
4.981360381340243604e-22
4.924203765187404365e-22
4.867761845762932086e-22
4.812024420114221565e-22
4.756981446848264173e-22
4.702623043271821497e-22
4.638481348174026845e-22
4.588271688726697877e-22
4.538651515136750776e-22
4.489612913918207509e-22
4.441148089284661147e-22
4.393249361183317045e-22
4.340625461827542179e-22
4.288682385764753714e-22
4.237410049937616866e-22
4.186798536361195129e-22
4.136838089159744371e-22
4.087519111549154416e-22
4.038634635156509828e-22
3.990377958766792206e-22
3.942739834072238805e-22
3.895711162971044781e-22
3.849282994820556388e-22
3.803446523744519052e-22
3.747367994801574281e-22
3.707102642980025442e-22
3.667298377632007023e-22
3.627949122784956859e-22
3.589048890520957379e-22
3.550591779491023588e-22
3.505773849486939849e-22
3.461555435042227420e-22
3.417927288238154824e-22
3.374880317338736813e-22
3.332405583849813017e-22
3.290494299539868004e-22
3.244455069125887687e-22
3.199092709484980587e-22
3.154395701583495365e-22
3.119279026100139807e-22
3.084571291048194883e-22
3.050266968809913543e-22
3.016360612874749472e-22
2.982846856480097706e-22
2.949720411275481189e-22
2.899247162004915216e-22
2.862391344734515315e-22
2.826020130025176808e-22
2.790126077737893174e-22
2.754701870629447698e-22
2.719740311993096157e-22
2.685234323350162048e-22
2.647789744678343106e-22
2.610879042277640054e-22
2.574493266673933162e-22
2.538623628084568381e-22
2.503261493054873513e-22
2.468398381162463728e-22
2.438878426538891555e-22
2.409714496008188078e-22
2.380901492520380318e-22
2.352434395621311397e-22
2.324308260059518930e-22
2.296518214418188583e-22
2.258519491910885236e-22
2.231578498752098386e-22
2.204956064505566621e-22
2.178647659285496952e-22
2.152648819487484649e-22
2.126955146538967921e-22
2.099494741182040738e-22
2.072381083484033813e-22
2.045608849713070495e-22
2.019172798512654827e-22
1.993067769268581232e-22
1.967288680428583200e-22
1.934710556428730112e-22
1.908763401753020507e-22
1.883148493313400672e-22
1.857860543143282970e-22
1.832894344636439899e-22
1.808244770752722929e-22
1.783906772258979880e-22
1.750712599333492317e-22
1.725937022422283647e-22
1.701486142778007268e-22
1.677354500887884985e-22
1.653536720329657851e-22
1.630027505678358700e-22
1.606821640433333967e-22
1.571674801481913945e-22
1.548473109862429349e-22
1.525576072100920082e-22
1.502978303441126393e-22
1.480674496088953798e-22
1.458659416835561905e-22
1.436927904682723828e-22
1.411901027076512444e-22
1.391963008813445142e-22
1.372263292124760977e-22
1.352797774793980643e-22
1.333562402068802033e-22
1.314553164809888704e-22
1.295766097614220189e-22
1.272977122972036007e-22
1.250510547170550760e-22
1.232707076982028739e-22
1.215103064942837885e-22
1.197694901304920567e-22
1.180479005421034009e-22
1.163451823672558998e-22
1.146609827325831476e-22
1.128040840333109597e-22
1.109692991766577059e-22
1.091561475191958940e-22
1.073641507157014184e-22
1.055928322602070873e-22
1.038417170012929577e-22
1.020940269332226628e-22
1.003659535785625780e-22
9.865700901777935124e-23
9.696670436872673053e-23
9.529454908102035588e-23
9.364005017443061999e-23
9.157609985136654220e-23
9.008387609593757663e-23
8.860532921257103361e-23
8.714005627588368910e-23
8.568764891488692738e-23
8.424769244181634605e-23
8.281976489048403107e-23
8.089753952081000946e-23
7.899562894889152985e-23
7.711288535564426470e-23
7.524811519347267150e-23
7.340007089329383437e-23
7.211605087016497035e-23
7.083911073307023558e-23
6.956875954199039947e-23
6.830448367040047488e-23
6.704574396314312559e-23
6.579197246561628165e-23
6.469235053226476656e-23
6.359567858669549006e-23
6.250149942828606391e-23
6.140932826303990018e-23
6.031864932978719141e-23
5.922891201467909382e-23
5.829612337674000336e-23
5.736319728557760537e-23
5.642971101675249502e-23
5.549521204486870380e-23
5.455921443783887669e-23
5.362119468686361301e-23
5.283639437513095271e-23
5.204943806992723943e-23
5.125994558966110654e-23
5.046750787318765982e-23
4.967168354431394802e-23
4.887199493613986473e-23
4.819728646131424002e-23
4.751915818910292128e-23
4.683725287797457686e-23
4.615118483238519258e-23
4.546053652416909357e-23
4.476485468002713227e-23
4.417572857695374200e-23
4.358237880710317803e-23
4.298446214126868238e-23
4.238160713791100725e-23
4.177341077664456249e-23
4.115943455494246676e-23
4.063847173586793587e-23
4.011277817146767960e-23
3.958201991893629127e-23
3.904583495062543075e-23
3.850382977283681568e-23
3.795557549929558977e-23
3.748997613687774518e-23
3.701933745211789861e-23
3.654333225500892909e-23
3.606160532651431194e-23
3.557377000553502356e-23
3.507940421811468003e-23
3.461760477222973774e-23
3.414947067718526133e-23
3.367456921307139957e-23
3.319242578228526953e-23
3.270251814441352271e-23
3.220426959631066348e-23
3.182230623510709983e-23
3.143492730270626586e-23
3.104180499966865107e-23
3.064258214142431197e-23
3.023686842841623139e-23
2.982423606612674682e-23
2.948210377927541695e-23
2.913477396221490958e-23
2.878194330457535774e-23
2.842328149019213890e-23
2.805842779396771510e-23
2.768698709910097029e-23
2.737418685481746186e-23
2.705630609311289742e-23
2.673305225272365108e-23
2.640410652674365061e-23
2.606912052955635437e-23
2.572771239243861988e-23
2.544097207205889497e-23
2.514931975055819999e-23
2.485247528415080903e-23
2.455013326619160745e-23
2.424195980036648091e-23
2.392758871683933576e-23
2.366420629499746165e-23
2.339611844300125335e-23
2.312305886327483012e-23
2.284473717114265877e-23
2.256083580691425702e-23
2.227100641244896768e-23
2.202853503975417812e-23
2.178158487276302086e-23
2.152990399935249449e-23
2.127321768192700469e-23
2.101122542441484418e-23
2.074359752909835229e-23
2.051989618417883382e-23
2.029195138854193657e-23
2.005952565184034329e-23
1.982235994536316434e-23
1.958017093043088653e-23
1.933264770377433584e-23
1.912585522964047826e-23
1.891505569282547740e-23
1.870002573583077776e-23
1.848052173632979473e-23
1.825627719719705408e-23
1.802699968113678160e-23
1.783549948313143712e-23
1.764022459076640683e-23
1.744096528666364753e-23
1.723749282403980888e-23
1.702955697462568767e-23
1.681688314840644570e-23
1.663926955155572377e-23
1.645810644081294751e-23
1.627319713218374601e-23
1.608432709571658650e-23
1.589126165527588905e-23
1.569374328645762729e-23
1.552878996167702100e-23
1.536050324510628254e-23
1.518869882498650560e-23
1.501317566823280542e-23
1.483371386484537182e-23
1.465007209561451126e-23
1.449670371232292407e-23
1.434020798692340082e-23
1.418041230135012016e-23
1.401712837948514008e-23
1.385015026849415374e-23
1.367925196731305998e-23
1.353651979560104874e-23
1.339085580200683932e-23
1.324209838840618987e-23
1.309007130053329255e-23
1.293458173843232202e-23
1.277541813658323703e-23
1.264247964340822240e-23
1.250679422188333041e-23
1.236821063778982188e-23
1.222656394275669133e-23
1.208167370615328471e-23
1.193334193785620796e-23
1.180944402755563379e-23
1.168297358978536741e-23
1.155378912320630566e-23
1.142173629663709998e-23
1.128664629497399464e-23
1.114833387590004012e-23
1.103279924368295305e-23
1.091485627293026267e-23
1.079437259301096311e-23
1.067120383273585190e-23
1.054519207321824756e-23
1.041616403020697053e-23
1.030838009332957846e-23
1.019834216643720949e-23
1.008592643804094422e-23
9.970997873187591330e-24
9.853408766533144038e-24
9.732997042399519048e-24
9.632406955636607801e-24
9.529707811947394683e-24
9.424783818486619938e-24
9.317508686730738103e-24
9.207744279404333375e-24
9.095339020791648832e-24
9.001434362911607265e-24
8.905556619205384774e-24
8.807597505728876607e-24
8.707438924187298546e-24
8.604951696721159234e-24
8.499994079432724742e-24
8.412308860518942389e-24
8.322778029637956877e-24
8.231300331957706912e-24
8.137765335933305153e-24
8.042052250315573971e-24
7.944028534271449929e-24
7.862134247497278970e-24
7.778513789714928873e-24
7.693072484262145535e-24
7.605707074371008733e-24
7.516304617105596577e-24
7.424741183857873677e-24
7.348242694947297573e-24
7.270129899553420412e-24
7.190314275843262530e-24
7.108699279993064371e-24
7.025179312089419758e-24
6.939638501167063067e-24
6.868170592447148812e-24
6.795193108580493706e-24
6.720623285478470894e-24
6.644370859093234089e-24
6.566337098627990913e-24
6.486413670648348880e-24
6.419638111651735845e-24
6.351451002411506017e-24
6.281774964381251735e-24
6.210525607281630603e-24
6.137610625258781560e-24
6.062928734947190818e-24
6.000531766597978060e-24
5.936814974406721798e-24
5.871706016649185792e-24
5.805125996434813594e-24
5.736988616729990993e-24
5.667199187575316606e-24
5.608889363452166951e-24
5.549345532129459516e-24
5.488500062155987349e-24
5.426279193844983219e-24
5.362602249340194503e-24
5.297380704497430095e-24
5.242886995744016768e-24
5.187239555260666444e-24
5.130375156176237727e-24
5.072224842579992955e-24
5.012713191053982257e-24
4.951757443016995359e-24
4.900827572727772898e-24
4.848819053571128282e-24
4.795672777165725894e-24
4.741324279336593226e-24
4.685703049767091319e-24
4.628731720874366206e-24
4.581130681660064480e-24
4.532521212531580696e-24
4.482848055894346725e-24
4.432050947328502796e-24
4.380063970230126081e-24
4.326814797540405983e-24
4.282323537340338675e-24
4.236889512138869496e-24
4.190461064698072617e-24
4.142981857216264490e-24
4.094390268031224597e-24
4.044618682763113223e-24
4.003032915586755728e-24
3.960565785709660109e-24
3.917169002014310663e-24
3.872789897845812328e-24
3.827370867039576346e-24
3.780848701261185120e-24
3.741977826917968149e-24
3.702283003166800685e-24
3.661719085937319924e-24
3.620236840789184170e-24
3.577782415702027032e-24
3.534296721605503230e-24
3.497962831587232424e-24
3.460858672596408895e-24
3.422942042678024093e-24
3.384166916097738724e-24
3.344482950499413362e-24
3.303834907811288057e-24
3.269871918761649640e-24
3.235188849693153147e-24
3.199746249171388096e-24
3.163501091208553225e-24
3.126406314550520368e-24
3.088410281328514555e-24
3.056663106216679843e-24
3.024242774495615888e-24
2.991112406117001554e-24
2.957231779471212399e-24
2.922556900711433541e-24
2.887039497691801214e-24
2.857363283328368971e-24
2.827057781587248413e-24
2.796088516310065456e-24
2.764417887589990083e-24
2.732004769174284367e-24
2.698804035391121130e-24
2.671063452446190463e-24
2.642734594543580648e-24
2.613785232753708560e-24
2.584180218013293380e-24
2.553881104776310711e-24
2.522845708778765293e-24
2.496914335527665276e-24
2.470433028842062308e-24
2.443371660588873072e-24
2.415697372848025787e-24
2.387374226104795050e-24
2.358362785840569754e-24
2.334122521335096649e-24
2.309368168491130473e-24
2.284071563162908342e-24
2.258201989369641416e-24
2.231725850427840197e-24
2.204606282493444070e-24
2.181946722785861941e-24
2.158806583780245703e-24
2.135159537252800095e-24
2.110976869489782657e-24
2.086227173864487448e-24
2.060875989572115846e-24
2.039693983929051091e-24
2.018062724851190687e-24
1.995957600396884802e-24
1.973351768638236103e-24
1.950215870281365661e-24
1.926517690954603442e-24
1.906716810813873911e-24
1.886495960807119251e-24
1.865832133322008294e-24
1.844700236117061526e-24
1.823072823679449393e-24
1.800919781528031278e-24
1.782409940073366536e-24
1.763507504498323705e-24
1.744190966977220841e-24
1.724436870944252097e-24
1.704219559976891095e-24
1.683510882673811400e-24
1.666207930154818187e-24
1.648537977772317822e-24
1.630480919955613515e-24
1.612014829452259333e-24
1.593115722592769336e-24
1.573757283410586204e-24
1.557582473361229664e-24
1.541064588278176369e-24
1.524184833347676137e-24
1.506922710835187796e-24
1.489255800653520682e-24
1.471159502473942488e-24
1.456039198979436308e-24
1.440598183217117465e-24
1.424818885455763442e-24
1.408682144035313802e-24
1.392167000243443557e-24
1.375250457236061696e-24
1.361115931461898721e-24
1.346681600082354999e-24
1.331931038719466661e-24
1.316846334838616967e-24
1.301407895999506589e-24
1.285594224494904528e-24
1.272381181334185651e-24
1.258887875825725043e-24
1.245098954229986773e-24
1.230997671650904644e-24
1.216565712787272098e-24
1.201782981264873869e-24
1.189431325319262960e-24
1.176817675935771861e-24
1.163927680152103571e-24
1.150745684524586046e-24
1.137254567584464253e-24
1.123435542891561592e-24
1.111889244723778869e-24
1.100098036867345057e-24
1.088048502414153079e-24
1.075726008795327877e-24
1.063114551159944198e-24
1.050196568283692553e-24
1.039402948610464899e-24
1.028380382242254550e-24
1.017116326691889400e-24
1.005597103029507483e-24
9.938077494780671891e-25
9.817318493163988746e-25
9.716419179586586998e-25
9.613379658128433649e-25
9.508082680962112933e-25
9.400400376746995747e-25
9.290192882145638916e-25
9.177306733030076009e-25
9.082985723882496041e-25
8.986664044635468043e-25
8.888232092564303108e-25
8.787570334096761876e-25
8.684548025426362192e-25
8.579021708762806723e-25
8.490848440609841456e-25
8.400804872648930973e-25
8.308788542448652545e-25
8.214687703535017124e-25
8.118380129527099055e-25
8.019731708240646029e-25
7.937307436457151655e-25
7.853134822747803718e-25
7.767118086965727688e-25
7.679152770442413726e-25
7.589124618094828921e-25
7.496908264295678004e-25
7.419856984893205197e-25
7.341171321486901633e-25
7.260761735810136701e-25
7.178530576661158863e-25
7.094371035280183207e-25
7.008165916629686811e-25
6.936140140699585962e-25
6.862586628321222323e-25
6.787421687019841746e-25
6.710554041269476875e-25
6.631883855895901969e-25
6.551301587818109658e-25
6.483969746277826485e-25
6.415209697553809660e-25
6.344943199976356940e-25
6.273084922425038506e-25
6.199541531228806749e-25
6.124210616755093099e-25
6.061267030064861427e-25
5.996988290152990381e-25
5.931301251091248075e-25
5.864126139133589966e-25
5.795375699449072526e-25
5.724954192385303975e-25
5.666116117770700293e-25
5.606030018223754405e-25
5.544627524068866413e-25
5.481834070733798960e-25
5.417568100930893617e-25
5.351740126746861703e-25
5.296735689205865829e-25
5.240564497941171108e-25
5.183162632231040058e-25
5.124460379401500178e-25
5.064381489428011839e-25
5.002842297715550301e-25
4.951426574393988561e-25
4.898920281388254140e-25
4.845263675323177240e-25
4.790391599697679627e-25
4.734232788149579702e-25
4.676709044738927776e-25
4.628644523750902837e-25
4.579560501444003422e-25
4.529401127349901663e-25
4.478105490405275028e-25
4.425606967411088809e-25
4.371832456888536349e-25
4.326899402339855345e-25
4.281013225410340932e-25
4.234121710646702363e-25
4.186167910891987219e-25
4.137089537510642869e-25
4.086818244474781766e-25
4.044809856780847044e-25
4.001910284137852274e-25
3.958070697401879319e-25
3.913237842156461663e-25
3.867353469189343589e-25
3.820353664428905835e-25
3.781088440919056384e-25
3.740990317642762544e-25
3.700013664605749640e-25
3.658108716908616961e-25
3.615221042279129631e-25
3.571290915260698488e-25
3.534583700078072109e-25
3.497097808255591546e-25
3.458790576447403709e-25
3.419615475283380310e-25
3.379521612681484232e-25
3.338453147992075187e-25
3.304146206727828520e-25
3.269111662616153289e-25
3.233309658177066477e-25
3.196696725314558684e-25
3.159225322191389132e-25
3.120843285657571839e-25
3.088778392590932072e-25
3.056033574710841791e-25
3.022571593526601977e-25
2.988351837893797809e-25
2.953329891417097967e-25
2.917457021090198316e-25
2.887481983378450410e-25
2.856871335002961526e-25
2.825590267566054034e-25
2.793600819505898753e-25
2.760861469853801170e-25
2.727326661472001076e-25
2.699292052033264101e-25
2.670662698770469229e-25
2.641406011144704143e-25
2.611486445416558933e-25
2.580865126911462749e-25
2.549499401550760938e-25
2.523309316742653791e-25
2.496563973523753811e-25
2.469232971287999134e-25
2.441283155708442784e-25
2.412678262689925616e-25
2.383378502966584084e-25
2.358870784519101250e-25
2.333842945162511140e-25
2.308266479700331309e-25
2.282110297322433759e-25
2.255340386603020746e-25
2.227919425873431356e-25
2.205000942736527893e-25
2.181595866909602210e-25
2.157677516309921904e-25
2.133216787983497385e-25
2.108181846312030535e-25
2.082537756809149319e-25
2.061126816067048517e-25
2.039261553237893739e-25
2.016917070340446162e-25
1.994066212027770302e-25
1.970679274984879259e-25
1.946723666492926874e-25
1.926711456803687308e-25
1.906274653880855477e-25
1.885389994329787284e-25
1.864032105355731924e-25
1.842173231725874430e-25
1.819782917857449149e-25
1.801064756146560024e-25
1.781949213655091485e-25
1.762414507354992513e-25
1.742436876981322964e-25
1.721990327346191962e-25
1.701046331525258356e-25
1.683535208075518387e-25
1.665652021063518217e-25
1.647376354178430768e-25
1.628685936708875102e-25
1.609556404141308518e-25
1.589961018117123315e-25
1.573607179244290820e-25
1.556906162547763384e-25
1.539838937030892167e-25
1.522384744381410901e-25
1.504520874117594083e-25
1.486222404138992866e-25
1.470924457285425872e-25
1.455301498412415618e-25
1.439335701705046212e-25
1.423007621072607704e-25
1.406295976854824710e-25
1.389177414096288830e-25
1.374859202149567890e-25
1.360236377956677143e-25
1.345292207115197142e-25
1.330008432327857719e-25
1.314365075377402546e-25
1.298340208089228603e-25
1.284972711644264747e-25
1.271321163378960376e-25
1.257369964838248606e-25
1.243102102315241972e-25
1.228498970124052154e-25
1.213540152859721311e-25
1.201098169353443702e-25
1.188392933080267239e-25
1.175410059989784134e-25
1.162133866204407819e-25
1.148547200532476644e-25
1.134631248562076267e-25
1.122968257429112317e-25
1.111057842205321682e-25
1.098886444348251175e-25
1.086439276427692740e-25
1.073700165598534453e-25
1.060651367113432056e-25
1.049755450799754389e-25
1.038628517542534401e-25
1.027257923169869831e-25
1.015629876965145792e-25
1.003729290982047805e-25
9.915396092389164070e-26
9.813220145354389188e-26
9.708870669380544552e-26
9.602228461443700397e-26
9.493163435647260266e-26
9.381533097572124380e-26
9.267180986221725886e-26
9.170942492966049057e-26
9.072640889826330313e-26
8.972161740699877905e-26
8.869380133423789530e-26
8.764159439426729985e-26
8.656349649591971046e-26
8.567907665521412282e-26
8.477601007997518304e-26
8.385328223952984425e-26
8.290978721531155123e-26
8.194431554143045771e-26
8.095554071228817403e-26
8.012095802529791738e-26
7.926861738189723203e-26
7.839754222039527174e-26
7.750666721090448543e-26
7.659482725043890043e-26
7.566074379452998737e-26
7.488498930585796130e-26
7.409282529249076443e-26
7.328335187797232020e-26
7.245558850408201305e-26
7.160846560000328806e-26
7.074081104199486279e-26
7.002752135314165427e-26
6.929939498676286169e-26
6.855563669004835597e-26
6.779538057412395364e-26
6.701768022006609916e-26
6.622149869104050073e-26
6.553526972316988263e-26
6.483435577513631598e-26
6.411794838384789929e-26
6.338516434837076806e-26
6.263503433235578612e-26
6.186649282310649282e-26
6.121454530051466532e-26
6.054840825367110037e-26
5.986728271503945616e-26
5.917029515949057229e-26
5.845648835441508615e-26
5.772480958954061622e-26
5.713205065257962631e-26
5.652672536769510098e-26
5.590814871817270734e-26
5.527557309698102142e-26
5.462817852139862830e-26
5.396506436740278727e-26
5.339638999507048275e-26
5.281533644470139990e-26
5.222120818562190374e-26
5.161324445357627937e-26
5.099061034191705373e-26
5.035238714527808947e-26
4.982943439815990265e-26
4.929527518382582016e-26
4.874928433713924279e-26
4.819078011510333283e-26
4.761901975049308387e-26
4.703318905677209206e-26
4.656572055845113840e-26
4.608868161987429381e-26
4.560156053351676184e-26
4.510380214423074414e-26
4.459480617813754279e-26
4.407391819802067652e-26
4.364858730234572574e-26
4.321478924121079269e-26
4.277209802854802157e-26
4.232005042435796373e-26
4.185813605557843334e-26
4.138579537796111755e-26
4.083090602633084335e-26
4.045829439776186715e-26
4.007868389003306036e-26
3.969174069347013342e-26
3.929710335461561232e-26
3.889437755377199298e-26
3.848313431729413683e-26
3.837653777243445858e-26
3.830287984031526360e-26
3.822892964602081766e-26
3.815469232463415429e-26
3.808016752837511622e-26
3.800535042158998375e-26
3.793023640232210158e-26
3.784730308153665176e-26
3.776402149842213431e-26
3.768037681065813862e-26
3.759635723772965440e-26
3.751195803921691671e-26
3.740481097902441196e-26
3.729705238195181969e-26
3.718866962085271924e-26
3.707965147161998792e-26
3.680463575640169478e-26
3.652542436107876275e-26
3.633940185852962600e-26
3.615144648571948039e-26
3.596151392678151438e-26
3.576955412774045502e-26
3.557147058747000830e-26
3.537116323141998541e-26
3.516856334995991942e-26
3.496360091639464039e-26
3.475620578367288984e-26
3.449940943341947416e-26
3.423873604561340409e-26
3.397403332271195540e-26
3.370513982941815381e-26
3.343188545560105170e-26
3.323176197276902756e-26
3.302919889387050853e-26
3.282412058744880019e-26
3.261644736626103261e-26
3.240609515448216386e-26
3.219297572840033980e-26
3.198959681000615913e-26
3.178360590736508657e-26
3.157491242456889762e-26
3.136342173903723137e-26
3.114903815565506662e-26
3.093166242516677286e-26
3.070947730402256528e-26
3.048403151745146249e-26
3.025520123431550137e-26
3.002285577135424127e-26
2.978685706338258394e-26
2.953149774105853590e-26
2.935046881343848849e-26
2.916717740372187560e-26
2.898155064388468542e-26
2.879351461183568108e-26
2.860299084480610508e-26
2.840989540673307271e-26
2.824363779971340526e-26
2.807540255830889395e-26
2.790512765614195945e-26
2.773274843384466931e-26
2.755819837118327557e-26
2.738140873101329333e-26
2.718211382910937205e-26
2.705125514021029110e-26
2.697208226727137251e-26
2.689244412373509810e-26
2.681232813397468020e-26
2.673172867880787300e-26
2.665064087766540945e-26
2.653799856164370404e-26
2.642439341191998553e-26
2.630980327801223109e-26
2.619420599392760346e-26
2.602073873531399800e-26
2.590174360978378636e-26
2.578164389239377233e-26
2.566041214600136536e-26
2.553802288751878102e-26
2.541444975918600659e-26
2.532845650009160734e-26
2.530833390586334129e-26
2.528818216958857920e-26
2.526799913243899406e-26
2.524778326363778644e-26
2.522753448165803479e-26
2.520725323742202958e-26
2.517695919073412601e-26
2.516993973145215968e-26
2.516591883201177092e-26
2.516189061164954343e-26
2.515785708408842827e-26
2.515382220272768841e-26
2.514978727698238261e-26
2.514553504839122072e-26
2.514128452269981820e-26
2.513703343092025172e-26
2.513278070607017484e-26
