0.000000000000000000e+00
4.993958058066213904e-07
9.987916116132427808e-07
5.992749669679457532e-06
1.098670772774567186e-05
2.634586546851564668e-05
4.170502320928562320e-05
5.706418095005559972e-05
9.945393511350716074e-05
1.418436892769587285e-04
1.842334434404102963e-04
4.846452605323063600e-04
7.850570776242024509e-04
1.085468894716098542e-03
1.821584591071233848e-03
2.557700287426369155e-03
3.293815983781504461e-03
4.029931680136640201e-03
6.705161412106761323e-03
9.380391144076882445e-03
1.205562087604700357e-02
1.473085060801712469e-02
2.449425131612126966e-02
3.425765202422541289e-02
4.402105273232955612e-02
5.378445344043369936e-02
6.354785414853783565e-02
7.418930755899316720e-02
8.483076096944849875e-02
9.547221437990383031e-02
1.061136677903591619e-01
1.167551212008144934e-01
1.273965746112698250e-01
1.438591747776831187e-01
1.603217749440964124e-01
1.767843751105097061e-01
1.932469752769229998e-01
2.097095754433362935e-01
2.261721756097495872e-01
2.412084056771595653e-01
2.562446357445695710e-01
2.712808658119795768e-01
2.863170958793895826e-01
3.013533259467995884e-01
3.163895560142095942e-01
3.321706772488670079e-01
3.479517984835244215e-01
3.637329197181818352e-01
3.795140409528392489e-01
3.952951621874966626e-01
4.110762834221540762e-01
4.282503741986615764e-01
4.454244649751690766e-01
4.625985557516765767e-01
4.797726465281840769e-01
4.969467373046915770e-01
5.141208280811990772e-01
5.325859897730922388e-01
5.510511514649854004e-01
5.695163131568785619e-01
5.879814748487717235e-01
6.064466365406648851e-01
6.249117982325580467e-01
6.446934923283241803e-01
6.644751864240903139e-01
6.842568805198564474e-01
7.040385746156225810e-01
7.238202687113887146e-01
7.436019628071548482e-01
7.648206455304092932e-01
7.860393282536637383e-01
8.072580109769181833e-01
8.284766937001726284e-01
8.496953764234270734e-01
8.709140591466815184e-01
8.936861937649713816e-01
9.164583283832612448e-01
9.392304630015511080e-01
9.620025976198409712e-01
9.847747322381308344e-01
1.007546866856420698e+00
1.031983336411801400e+00
1.056419805967182102e+00
1.080856275522562804e+00
1.105292745077943506e+00
1.129729214633324208e+00
1.154165684188704910e+00
1.178201933614778429e+00
1.202238183040851949e+00
1.226274432466925468e+00
1.250310681892998987e+00
1.274346931319072507e+00
1.298383180745146026e+00
1.323963542516468861e+00
1.349543904287791696e+00
1.375124266059114531e+00
1.400704627830437365e+00
1.426284989601760200e+00
1.451865351373083035e+00
1.484847781334195149e+00
1.517830211295307263e+00
1.550812641256419377e+00
1.583795071217531492e+00
1.616777501178643606e+00
1.649759931139755720e+00
1.685411766486512031e+00
1.721063601833268342e+00
1.756715437180024653e+00
1.792367272526780964e+00
1.828019107873537275e+00
1.863670943220293585e+00
1.898366723582007864e+00
1.933062503943722144e+00
1.967758284305436423e+00
2.002454064667150924e+00
2.037149845028865425e+00
2.071845625390579926e+00
2.112603949216679045e+00
2.153362273042778163e+00
2.194120596868877282e+00
2.234878920694976401e+00
2.275637244521075520e+00
2.316395568347174638e+00
2.356820113710662135e+00
2.397244659074149631e+00
2.437669204437637127e+00
2.478093749801124623e+00
2.518518295164612120e+00
2.558942840528099616e+00
2.601983525253889873e+00
2.645024209979680130e+00
2.688064894705470387e+00
2.731105579431260644e+00
2.774146264157050901e+00
2.817186948882841158e+00
2.863639800194845986e+00
2.910092651506850814e+00
2.956545502818855642e+00
3.002998354130860470e+00
3.049451205442865298e+00
3.095904056754870126e+00
3.145785174525305816e+00
3.195666292295741506e+00
3.245547410066177196e+00
3.295428527836612886e+00
3.345309645607048576e+00
3.395190763377484267e+00
3.448674108416200923e+00
3.502157453454917579e+00
3.555640798493634236e+00
3.609124143532350892e+00
3.662607488571067549e+00
3.716090833609784205e+00
3.773466374946560453e+00
3.830841916283336701e+00
3.888217457620112949e+00
3.945592998956889197e+00
4.002968540293665001e+00
4.060344081630440805e+00
4.116779583053259195e+00
4.173215084476077585e+00
4.229650585898895976e+00
4.286086087321714366e+00
4.342521588744532757e+00
4.398957090167351147e+00
4.459014745489871423e+00
4.519072400812391699e+00
4.579130056134911975e+00
4.639187711457432250e+00
4.699245366779952526e+00
4.759303022102472802e+00
4.836731351952872515e+00
4.914159681803272228e+00
4.991588011653671941e+00
5.069016341504071654e+00
5.146444671354471367e+00
5.223873001204871080e+00
5.307558029284838774e+00
5.391243057364806468e+00
5.474928085444774162e+00
5.558613113524741856e+00
5.642298141604709549e+00
5.725983169684677243e+00
5.807413539959846993e+00
5.888843910235016743e+00
5.970274280510186493e+00
6.051704650785356243e+00
6.133135021060525993e+00
6.214565391335695743e+00
6.310212688178215679e+00
6.405859985020735614e+00
6.501507281863255550e+00
6.597154578705775485e+00
6.692801875548295421e+00
6.788449172390815356e+00
6.883299899781616382e+00
6.978150627172417408e+00
7.073001354563218435e+00
7.167852081954019461e+00
7.262702809344820487e+00
7.357553536735621513e+00
7.458527951041555859e+00
7.559502365347490205e+00
7.660476779653424551e+00
7.761451193959358896e+00
7.862425608265293242e+00
7.963400022571227588e+00
8.072363238805197128e+00
8.181326455039165779e+00
8.290289671273134431e+00
8.399252887507103082e+00
8.508216103741071734e+00
8.617179319975040386e+00
8.734165188413943071e+00
8.851151056852845755e+00
8.968136925291748440e+00
9.085122793730651125e+00
9.202108662169553810e+00
9.319094530608456495e+00
9.444507029404048737e+00
9.569919528199640979e+00
9.695332026995233221e+00
9.820744525790825463e+00
9.946157024586417705e+00
1.007156952338200995e+01
1.020608418239534565e+01
1.034059884140868135e+01
1.047511350042201705e+01
1.060962815943535276e+01
1.074414281844868846e+01
1.087865747746202416e+01
1.101094252243883709e+01
1.114322756741565001e+01
1.127551261239246294e+01
1.140779765736927587e+01
1.154008270234608879e+01
1.167236774732290172e+01
1.181311618762721238e+01
1.195386462793152305e+01
1.209461306823583371e+01
1.223536150854014437e+01
1.237610994884445503e+01
1.251685838914876570e+01
1.269828003128597871e+01
1.287970167342319172e+01
1.306112331556040473e+01
1.324254495769761775e+01
1.342396659983483076e+01
1.360538824197204377e+01
1.380142134297059719e+01
1.399745444396915062e+01
1.419348754496770404e+01
1.438952064596625746e+01
1.458555374696481088e+01
1.478158684796336431e+01
1.497228687516798118e+01
1.516298690237259805e+01
1.535368692957721493e+01
1.554438695678183180e+01
1.573508698398644867e+01
1.592578701119106555e+01
1.614972467044278304e+01
1.637366232969450053e+01
1.659759998894621802e+01
1.682153764819793551e+01
1.704547530744965300e+01
1.726941296670137049e+01
1.749142294375482010e+01
1.771343292080826970e+01
1.793544289786171930e+01
1.815745287491516891e+01
1.837946285196861851e+01
1.860147282902206811e+01
1.883774914830314628e+01
1.907402546758422446e+01
1.931030178686530263e+01
1.954657810614638080e+01
1.978285442542745898e+01
2.001913074470853715e+01
2.027402957284727592e+01
2.052892840098601468e+01
2.078382722912475344e+01
2.103872605726349221e+01
2.129362488540223097e+01
2.154852371354096974e+01
2.182211083619952419e+01
2.209569795885807864e+01
2.236928508151663308e+01
2.264287220417518753e+01
2.291645932683374198e+01
2.319004644949229643e+01
2.348325506589907619e+01
2.377646368230585594e+01
2.406967229871263569e+01
2.436288091511941545e+01
2.465608953152619520e+01
2.494929814793297496e+01
2.526369738675705179e+01
2.557809662558112862e+01
2.589249586440520545e+01
2.620689510322928228e+01
2.652129434205335912e+01
2.683569358087743595e+01
2.714479661028136093e+01
2.745389963968528590e+01
2.776300266908921088e+01
2.807210569849313586e+01
2.838120872789706084e+01
2.869031175730098582e+01
2.901911264811186086e+01
2.934791353892273591e+01
2.967671442973361096e+01
3.000551532054448600e+01
3.033431621135536105e+01
3.066311710216623609e+01
3.108684686644724593e+01
3.151057663072825576e+01
3.193430639500926560e+01
3.235803615929027899e+01
3.278176592357129238e+01
3.320549568785230576e+01
3.366326174626220080e+01
3.412102780467209584e+01
3.457879386308199088e+01
3.503655992149188592e+01
3.549432597990178095e+01
3.595209203831167599e+01
3.639735045840693317e+01
3.684260887850219035e+01
3.728786729859744753e+01
3.773312571869270471e+01
3.817838413878796189e+01
3.862364255888321907e+01
3.914649796441050000e+01
3.966935336993778094e+01
4.019220877546506188e+01
4.071506418099234281e+01
4.123791958651962375e+01
4.176077499204690469e+01
4.227921482592658720e+01
4.279765465980626971e+01
4.331609449368595222e+01
4.383453432756563473e+01
4.435297416144531724e+01
4.487141399532499975e+01
4.542334586021114973e+01
4.597527772509729971e+01
4.652720958998344969e+01
4.707914145486959967e+01
4.763107331975574965e+01
4.818300518464189963e+01
4.877876619875212327e+01
4.937452721286234691e+01
4.997028822697257056e+01
5.056604924108279420e+01
5.116181025519301784e+01
5.175757126930324148e+01
5.239757286155870020e+01
5.303757445381415891e+01
5.367757604606961763e+01
5.431757763832507635e+01
5.495757923058053507e+01
5.559758082283599379e+01
5.628437203800650224e+01
5.697116325317701069e+01
5.765795446834751914e+01
5.834474568351802759e+01
5.903153689868853604e+01
5.971832811385904449e+01
6.045610864529687944e+01
6.119388917673471440e+01
6.193166970817254935e+01
6.266945023961038430e+01
6.340723077104821925e+01
6.414501130248605421e+01
6.487221421108208119e+01
6.559941711967810818e+01
6.632662002827413517e+01
6.705382293687016215e+01
6.778102584546618914e+01
6.850822875406221613e+01
6.928425093758207254e+01
7.006027312110192895e+01
7.083629530462178536e+01
7.161231748814164177e+01
7.238833967166149819e+01
7.316436185518135460e+01
7.416856208106221970e+01
7.517276230694308481e+01
7.617696253282394991e+01
7.718116275870481502e+01
7.818536298458568012e+01
7.918956321046654523e+01
8.028151447173175370e+01
8.137346573299696217e+01
8.246541699426217065e+01
8.355736825552737912e+01
8.464931951679258759e+01
8.574127077805779606e+01
8.681312821960192139e+01
8.788498566114604671e+01
8.895684310269017203e+01
9.002870054423429735e+01
9.110055798577842268e+01
9.217241542732254800e+01
9.332920830374048649e+01
9.448600118015842497e+01
9.564279405657636346e+01
9.679958693299430195e+01
9.795637980941224043e+01
9.911317268583017892e+01
1.003827492879535015e+02
1.016523258900768241e+02
1.029219024922001466e+02
1.041914790943234692e+02
1.054610556964467918e+02
1.067306322985701144e+02
1.081178179852693972e+02
1.095050036719686801e+02
1.108921893586679630e+02
1.122793750453672459e+02
1.136665607320665288e+02
1.150537464187658117e+02
1.165744615753427382e+02
1.180951767319196648e+02
1.196158918884965914e+02
1.211366070450735180e+02
1.226573222016504445e+02
1.241780373582273711e+02
1.258559187917384321e+02
1.275338002252494931e+02
1.292116816587605399e+02
1.308895630922716009e+02
1.325674445257826619e+02
1.342453259592937229e+02
1.361088775528505153e+02
1.379724291464073076e+02
1.398359807399640999e+02
1.416995323335208923e+02
1.435630839270776846e+02
1.454266355206344770e+02
1.475111667283892700e+02
1.495956979361440631e+02
1.516802291438988561e+02
1.537647603516536492e+02
1.558492915594084423e+02
1.579338227671632353e+02
1.600873797192460302e+02
1.622409366713288250e+02
1.643944936234116199e+02
1.665480505754944147e+02
1.687016075275772096e+02
1.708551644796600044e+02
1.732722354551294188e+02
1.756893064305988332e+02
1.781063774060682476e+02
1.805234483815376620e+02
1.829405193570070765e+02
1.853575903324764909e+02
1.881140494325221368e+02
1.908705085325677828e+02
1.936269676326134288e+02
1.963834267326590748e+02
1.991398858327047208e+02
2.018963449327503668e+02
2.053349495210773625e+02
2.087735541094043583e+02
2.122121586977313541e+02
2.156507632860583499e+02
2.190893678743853457e+02
2.225279724627123414e+02
2.269398217823713821e+02
2.313516711020304228e+02
2.357635204216894635e+02
2.401753697413485042e+02
2.445872190610075450e+02
2.489990683806665857e+02
2.537813247729656609e+02
2.585635811652647362e+02
2.633458375575638115e+02
2.681280939498628868e+02
2.729103503421619621e+02
2.776926067344610374e+02
2.833547824502850290e+02
2.861858703081970248e+02
2.890169581661090206e+02
2.918480460240210164e+02
2.946791338819330122e+02
2.975102217398450080e+02
3.003413095977570038e+02
3.068090829715648624e+02
3.132768563453727211e+02
3.197446297191805797e+02
3.262124030929884384e+02
3.326801764667962971e+02
3.359140631537002264e+02
3.391479498406041557e+02
3.423818365275080851e+02
3.456157232144120144e+02
3.488496099013159437e+02
3.520834965882198730e+02
3.541474768638815931e+02
3.562114571395433131e+02
3.582754374152050332e+02
3.603394176908667532e+02
3.624033979665284733e+02
3.708765620995145014e+02
3.729948531327610226e+02
3.751131441660075438e+02
3.772314351992540651e+02
3.793497262325005863e+02
3.814680172657471076e+02
3.882615945050378059e+02
3.899599888148604805e+02
3.916583831246831551e+02
3.933567774345058297e+02
3.950551717443285042e+02
3.965614656143812340e+02
3.980677594844339637e+02
3.995740533544866935e+02
4.010803472245394232e+02
4.029263882527196756e+02
4.047724292808999280e+02
4.066184703090801804e+02
4.084645113372604328e+02
4.186376637993777763e+02
4.199093078571424940e+02
4.211809519149072116e+02
4.224525959726719293e+02
4.237242400304366470e+02
4.249958840882013646e+02
4.269677222163419401e+02
4.289395603444825156e+02
4.309113984726230910e+02
4.328832366007636665e+02
4.428131110037833196e+02
4.452955796045382613e+02
4.477780482052932030e+02
4.502605168060481446e+02
4.527429854068030863e+02
4.552254540075580280e+02
4.635805181841262765e+02
4.646249012061973076e+02
4.656692842282683387e+02
4.667136672503393697e+02
4.677580502724104008e+02
4.702016035848570255e+02
4.726451568973036501e+02
4.750887102097502748e+02
4.775322635221968994e+02
4.853293621193674880e+02
4.872786367686601352e+02
4.892279114179527824e+02
4.911771860672454295e+02
4.931264607165380767e+02
4.950456393010295528e+02
4.969648178855210290e+02
4.988839964700125051e+02
5.008031750545039813e+02
5.030844514835896462e+02
5.053657279126753110e+02
5.076470043417609759e+02
5.099282807708466407e+02
5.248927994124891256e+02
5.267633642426944789e+02
5.286339290728998321e+02
5.305044939031051854e+02
5.323750587333105386e+02
5.342456235635158919e+02
5.366214526205371840e+02
5.389972816775584761e+02
5.413731107345797682e+02
5.437489397916010603e+02
5.469735076275929941e+02
5.501980754635849280e+02
5.534226432995768619e+02
5.566472111355687957e+02
5.598717789715607296e+02
5.743714064774933377e+02
5.761838599157349563e+02
5.779963133539765749e+02
5.798087667922181936e+02
5.816212202304598122e+02
5.834336736687014309e+02
5.859394680717381334e+02
5.884452624747748359e+02
5.909510568778115385e+02
5.934568512808482410e+02
5.968294428840501951e+02
6.002020344872521491e+02
6.035746260904541032e+02
6.069472176936560572e+02
6.103198092968580113e+02
6.262049586398837846e+02
6.281906023077619921e+02
6.301762459756401995e+02
6.321618896435184070e+02
6.341475333113966144e+02
6.361331769792748219e+02
6.387660795371722315e+02
6.413989820950696412e+02
6.440318846529670509e+02
6.466647872108644606e+02
6.486441475840217663e+02
6.506235079571790720e+02
6.526028683303363778e+02
6.545822287034936835e+02
6.565615890766509892e+02
6.716394794974869455e+02
6.867173699183229019e+02
6.886021062209274533e+02
6.904868425235320046e+02
6.923715788261365560e+02
6.942563151287411074e+02
6.961410514313456588e+02
7.014002248195129141e+02
7.066593982076801694e+02
7.119185715958474248e+02
7.171777449840146801e+02
7.301592087657730872e+02
7.334045747112127174e+02
7.366499406566523476e+02
7.398953066020919778e+02
7.431406725475316080e+02
7.463860384929712382e+02
7.492190065758204582e+02
7.520519746586696783e+02
7.548849427415188984e+02
7.577179108243681185e+02
7.611872174851807813e+02
7.646565241459934441e+02
7.681258308068061069e+02
7.715951374676187697e+02
7.750644441284314325e+02
7.948369700616514137e+02
7.973085358033038119e+02
7.997801015449562101e+02
8.022516672866086083e+02
8.047232330282610064e+02
8.071947987699134046e+02
8.128088014556501548e+02
8.184228041413869050e+02
8.240368068271236552e+02
8.296508095128604054e+02
8.445284590821383972e+02
8.482478714744579520e+02
8.519672838667775068e+02
8.556866962590970616e+02
8.594061086514166163e+02
8.631255210437361711e+02
8.745160949473857954e+02
8.859066688510354197e+02
8.972972427546850440e+02
9.086878166583346683e+02
9.126484072180521707e+02
9.166089977777696731e+02
9.205695883374871755e+02
9.245301788972046779e+02
9.284907694569221803e+02
9.445439948736600400e+02
9.503052376296861894e+02
9.560664803857123388e+02
9.618277231417384883e+02
9.675889658977646377e+02
9.798526704052879950e+02
9.921163749128113523e+02
1.004380079420334710e+03
1.016643783927858067e+03
1.021731898493127005e+03
1.026820013058395944e+03
1.031908127623664768e+03
1.036996242188933593e+03
1.042084356754202418e+03
1.055157956044764205e+03
1.068231555335325993e+03
1.081305154625887781e+03
1.094378753916449568e+03
1.103924127689285115e+03
1.113469501462120661e+03
1.123014875234956207e+03
1.132560249007791754e+03
1.142105622780627300e+03
1.160974702187003913e+03
1.170409241890192334e+03
1.179843781593380754e+03
1.189278321296569175e+03
1.198712860999757595e+03
1.208147400702946015e+03
1.228289435847598270e+03
1.238360453419924397e+03
1.248431470992250524e+03
1.258502488564576652e+03
1.268573506136902779e+03
1.278644523709228906e+03
1.294063112526511986e+03
1.309481701343795066e+03
1.324900290161078146e+03
1.340318878978361226e+03
1.348028173387002880e+03
1.355737467795644534e+03
1.363446762204286188e+03
1.371156056612927841e+03
1.378865351021569495e+03
1.391494297553319484e+03
1.393072915869788176e+03
1.394651534186256868e+03
1.396230152502725559e+03
1.397808770819194251e+03
1.400212625364893029e+03
1.400813589001317723e+03
1.401414552637742418e+03
1.402015516274167112e+03
1.402616479910591806e+03
1.406607239441013235e+03
1.410597998971434663e+03
1.414588758501856091e+03
1.418579518032277520e+03
1.428094383395589603e+03
1.437609248758901686e+03
1.447124114122213768e+03
1.456638979485525851e+03
1.466153844848837934e+03
1.483969640210589432e+03
1.501785435572340930e+03
1.510693333253216679e+03
1.519601230934092428e+03
1.528509128614968176e+03
1.537417026295843925e+03
1.546324923976719674e+03
1.555232821657595423e+03
1.581034833649308666e+03
1.593935839645165288e+03
1.606836845641021910e+03
1.619737851636878531e+03
1.632638857632735153e+03
1.645539863628591775e+03
1.658440869624448396e+03
1.686418835049010795e+03
1.714396800473573194e+03
1.728385783185854507e+03
1.742374765898135820e+03
1.756363748610417133e+03
1.770352731322698446e+03
1.784341714034979759e+03
1.798330696747261072e+03
1.825200243056440058e+03
1.852069789365619044e+03
1.878939335674798031e+03
1.905808881983977017e+03
1.932678428293156003e+03
1.959547974602334989e+03
1.985648398656785275e+03
2.011748822711235562e+03
2.037849246765685848e+03
2.063949670820135907e+03
2.090050094874585739e+03
2.116150518929035570e+03
2.140871053034204124e+03
2.165591587139372677e+03
2.190312121244541231e+03
2.215032655349709785e+03
2.239753189454878338e+03
2.264473723560046892e+03
2.288104936010158326e+03
2.305354672338383807e+03
2.313979540502496548e+03
2.319333854852583954e+03
2.324688169202671361e+03
2.330042483552758767e+03
2.335396797902846174e+03
2.340751112252933581e+03
2.346105426603020987e+03
2.363369225721283328e+03
2.380633024839545669e+03
2.397896823957808010e+03
2.415160623076070351e+03
2.432424422194332692e+03
2.449688221312595033e+03
2.480723238807499911e+03
2.511758256302404789e+03
2.542793273797309666e+03
2.573828291292214544e+03
2.604863308787119422e+03
2.635898326282024300e+03
2.664144134834589295e+03
2.692389943387154290e+03
2.720635751939719285e+03
2.748881560492284279e+03
2.777127369044849274e+03
2.805373177597414269e+03
2.833348354028942595e+03
2.861323530460470920e+03
2.889298706891999245e+03
2.917273883323527571e+03
2.945249059755055896e+03
2.973224236186584221e+03
3.000809654130671333e+03
3.028395072074758446e+03
3.055980490018845558e+03
3.083565907962932670e+03
3.111151325907019782e+03
3.138736743851106894e+03
3.165799836987643175e+03
3.192862930124179456e+03
3.219926023260715738e+03
3.246989116397252019e+03
3.274052209533788300e+03
3.301115302670324581e+03
3.327691835435688972e+03
3.354268368201053363e+03
3.380844900966417754e+03
3.407421433731782145e+03
3.433997966497146535e+03
3.460574499262510926e+03
3.488671852085584305e+03
3.516769204908657684e+03
3.544866557731731064e+03
3.572963910554804443e+03
3.601061263377877822e+03
3.629158616200951201e+03
3.658650368970929321e+03
3.688142121740907442e+03
3.717633874510885562e+03
3.747125627280863682e+03
3.776617380050841803e+03
3.806109132820819923e+03
3.835031045841685227e+03
3.863952958862550531e+03
3.892874871883415835e+03
3.921796784904281139e+03
3.950718697925146444e+03
3.979640610946011748e+03
4.007897065352040499e+03
4.036153519758069251e+03
4.064409974164098003e+03
4.092666428570126754e+03
4.120922882976155961e+03
4.149179337382185622e+03
4.176437678147836777e+03
4.203696018913487933e+03
4.230954359679139088e+03
4.258212700444790244e+03
4.285471041210441399e+03
4.312729381976092554e+03
4.337310967045661528e+03
4.361892552115230501e+03
4.377895786012706594e+03
4.393899019910182687e+03
4.409902253807658781e+03
4.425905487705134874e+03
4.441908721602610967e+03
4.457911955500087060e+03
4.486724359254784758e+03
4.515536763009482456e+03
4.544349166764180154e+03
4.573161570518877852e+03
4.601973974273575550e+03
4.630786378028273248e+03
4.663924178080995262e+03
4.697061978133717275e+03
4.730199778186439289e+03
4.763337578239161303e+03
4.796475378291883317e+03
4.829613178344605330e+03
4.861049267676044110e+03
4.892485357007482889e+03
4.923921446338921669e+03
4.955357535670360448e+03
4.986793625001799228e+03
5.018229714333238007e+03
5.048626260082356566e+03
5.079022805831475125e+03
5.109419351580593684e+03
5.139815897329712243e+03
5.170212443078830802e+03
5.200608988827949361e+03
5.230385018879530435e+03
5.260161048931111509e+03
5.289937078982692583e+03
5.319713109034273657e+03
5.349489139085854731e+03
5.379265169137435805e+03
5.408495614708435824e+03
5.437726060279435842e+03
5.466956505850435860e+03
5.496186951421435879e+03
5.525417396992435897e+03
5.554647842563435916e+03
5.579365839621945270e+03
5.604083836680454624e+03
5.628801833738963978e+03
5.653519830797473332e+03
5.678237827855982687e+03
5.702955824914492041e+03
5.731780204388539460e+03
5.760604583862586878e+03
5.789428963336634297e+03
5.818253342810681715e+03
5.847077722284729134e+03
5.875902101758776553e+03
5.904688355456531099e+03
5.933474609154285645e+03
5.962260862852040191e+03
5.991047116549794737e+03
6.019833370247549283e+03
6.048619623945303829e+03
6.076750273820523944e+03
6.104880923695744059e+03
6.133011573570964174e+03
6.161142223446184289e+03
6.189272873321404404e+03
6.217403523196624519e+03
6.244508733993238820e+03
6.271613944789853122e+03
6.298719155586467423e+03
6.325824366383081724e+03
6.352929577179696025e+03
6.380034787976310326e+03
6.404281274935616239e+03
6.428527761894922151e+03
6.436638624978106236e+03
6.444749488061290322e+03
6.450360988113530766e+03
6.455972488165771210e+03
6.461583988218011655e+03
6.467195488270252099e+03
6.472806988322492543e+03
6.478418488374732988e+03
6.496973926737361580e+03
6.515529365099990173e+03
6.534084803462618765e+03
6.552640241825247358e+03
6.571195680187875951e+03
6.589751118550504543e+03
6.623599211276820824e+03
6.657447304003137106e+03
6.691295396729453387e+03
6.725143489455769668e+03
6.758991582182085949e+03
6.792839674908402230e+03
6.825471682513575615e+03
6.858103690118749000e+03
6.890735697723922385e+03
6.923367705329095770e+03
6.955999712934269155e+03
6.988631720539442540e+03
7.019596251491060684e+03
7.050560782442678828e+03
7.081525313394296973e+03
7.112489844345915117e+03
7.143454375297533261e+03
7.174418906249151405e+03
7.204600620058695313e+03
7.234782333868239220e+03
7.264964047677783128e+03
7.295145761487327036e+03
7.325327475296870944e+03
7.355509189106414851e+03
7.385267332730712951e+03
7.415025476355011051e+03
7.444783619979309151e+03
7.474541763603607251e+03
7.504299907227905351e+03
7.534058050852203451e+03
7.563605648639686478e+03
7.593153246427169506e+03
7.622700844214652534e+03
7.652248442002135562e+03
7.681796039789618590e+03
7.711343637577101617e+03
7.739704127508215606e+03
7.768064617439329595e+03
7.796425107370443584e+03
7.824785597301557573e+03
7.853146087232671562e+03
7.881506577163785551e+03
7.909858223670063126e+03
7.938209870176340701e+03
7.966561516682618276e+03
7.994913163188895851e+03
8.023264809695173426e+03
8.051616456201451001e+03
8.079597073938926769e+03
8.107577691676402537e+03
8.135558309413878305e+03
8.163538927151354073e+03
8.191519544888829842e+03
8.219500162626305610e+03
8.246674433224894528e+03
8.273848703823483447e+03
8.301022974422072366e+03
8.328197245020661285e+03
8.355371515619250204e+03
8.382545786217839122e+03
8.407728883983396372e+03
8.432911981748953622e+03
8.458095079514510871e+03
8.477296299545052534e+03
8.489261629903705398e+03
8.501226960262358261e+03
8.513192290621011125e+03
8.525157620979663989e+03
8.537122951338316852e+03
8.549088281696969716e+03
8.582098442344076830e+03
8.615108602991183943e+03
8.648118763638291057e+03
8.681128924285398170e+03
8.714139084932505284e+03
8.747149245579612398e+03
8.783183979671919587e+03
8.819218713764226777e+03
8.855253447856533967e+03
8.891288181948841157e+03
8.927322916041148346e+03
8.963357650133455536e+03
8.995359540127657965e+03
9.027361430121860394e+03
9.059363320116062823e+03
9.091365210110265252e+03
9.123367100104467681e+03
9.155368990098670110e+03
9.186064918089956336e+03
9.216760846081242562e+03
9.247456774072528788e+03
9.278152702063815013e+03
9.308848630055101239e+03
9.339544558046387465e+03
9.369932112343713015e+03
9.400319666641038566e+03
9.430707220938364117e+03
9.461094775235689667e+03
9.491482329533015218e+03
9.521869883830340768e+03
9.552397795623410275e+03
9.582925707416479781e+03
9.613453619209549288e+03
9.643981531002618794e+03
9.674509442795688301e+03
9.705037354588757808e+03
9.736345481381595164e+03
9.753344697389296925e+03
9.770343913396998687e+03
9.787343129404700449e+03
9.804342345412402210e+03
9.821341561420103972e+03
9.838340777427805733e+03
9.862618804664209165e+03
9.886896831900612597e+03
9.911174859137016028e+03
9.935452886373419460e+03
9.959730913609822892e+03
9.984008940846226324e+03
1.001106276693851942e+04
1.003811659303081251e+04
1.006517041912310560e+04
1.009222424521539870e+04
1.011927807130769179e+04
1.014633189739998488e+04
1.017327844052306500e+04
1.020022498364614512e+04
1.022717152676922524e+04
1.025411806989230536e+04
1.028106461301538548e+04
1.030801115613846559e+04
1.033382212262026951e+04
1.035963308910207343e+04
1.038544405558387734e+04
1.041125502206568126e+04
1.043706598854748518e+04
1.046287695502928909e+04
1.048473712049115420e+04
1.049953708990389896e+04
1.051433705931664372e+04
1.052913702872938848e+04
1.054393699814213323e+04
1.055873696755487799e+04
1.057353693696762275e+04
1.060030868803437625e+04
1.062708043910112974e+04
1.065385219016788324e+04
1.068062394123463673e+04
1.070739569230139023e+04
1.073416744336814372e+04
1.077541773628949159e+04
1.081666802921083945e+04
1.085791832213218731e+04
1.089916861505353518e+04
1.094041890797488304e+04
1.097380680149055479e+04
1.100719469500622654e+04
1.104058258852189829e+04
1.107397048203757004e+04
1.110735837555324179e+04
1.114074626906891353e+04
1.117227802398829226e+04
1.120380977890767099e+04
1.123534153382704972e+04
1.126687328874642844e+04
1.129840504366580717e+04
1.132993679858518590e+04
1.136122972715735159e+04
1.139252265572951728e+04
1.142381558430168297e+04
1.145510851287384867e+04
1.148640144144601436e+04
1.151769437001818005e+04
1.154937339941311257e+04
1.158105242880804508e+04
1.161273145820297759e+04
1.164441048759791011e+04
1.167608951699284262e+04
1.170776854638777513e+04
1.174308174026730376e+04
1.177839493414683238e+04
1.181370812802636101e+04
1.184902132190588964e+04
1.187396094768248440e+04
1.189890057345907917e+04
1.192384019923567394e+04
1.193200502455224887e+04
1.194016984986882380e+04
1.194833467518539874e+04
1.195649950050197367e+04
1.196466432581854860e+04
1.197282915113512354e+04
1.199122019351334711e+04
1.200961123589157069e+04
1.202800227826979426e+04
1.204639332064801783e+04
1.206478436302624141e+04
1.208317540540446498e+04
1.210645398798003771e+04
1.212973257055561044e+04
1.215301115313118316e+04
1.217628973570675589e+04
1.219956831828232862e+04
1.222284690085790135e+04
1.224842116049345896e+04
1.227399542012901657e+04
1.229956967976457418e+04
1.232014900664446941e+04
1.234072833352436464e+04
1.236130766040425988e+04
1.237621489881845264e+04
1.239112213723264540e+04
1.240602937564683816e+04
1.242093661406103092e+04
1.243122418549830581e+04
1.244151175693558071e+04
1.244686367550715840e+04
1.245221559407873610e+04
1.245756751265031380e+04
1.246291943122189150e+04
1.246827134979346920e+04
1.248443015524060320e+04
1.250058896068773720e+04
1.251674776613487120e+04
1.253290657158200520e+04
1.254906537702913920e+04
1.256522418247627320e+04
1.259047364346103495e+04
1.261572310444579671e+04
1.264097256543055846e+04
1.266622202641532022e+04
1.269147148740008197e+04
1.271672094838484372e+04
1.275449870230376291e+04
1.279227645622268210e+04
1.283005421014160129e+04
1.286783196406052048e+04
1.290560971797943967e+04
1.294338747189835885e+04
1.297955209223501697e+04
1.301571671257167509e+04
1.305188133290833321e+04
1.308804595324499132e+04
1.312421057358164944e+04
1.316037519391830756e+04
1.319355290614966543e+04
1.322673061838102331e+04
1.325990833061238118e+04
1.329308604284373905e+04
1.332626375507509692e+04
1.335944146730645480e+04
1.339197422313651441e+04
1.342450697896657402e+04
1.345703973479663364e+04
1.348957249062669325e+04
1.352210524645675287e+04
1.355463800228681248e+04
1.358799383114336342e+04
1.362134965999991437e+04
1.365470548885646531e+04
1.368806131771301625e+04
1.372141714656956719e+04
1.375477297542611814e+04
1.379311952163766728e+04
1.383146606784921642e+04
1.386981261406076555e+04
1.390815916027231469e+04
1.394650570648386383e+04
1.397685099562690448e+04
1.400719628476994512e+04
1.403754157391298577e+04
1.406788686305602641e+04
1.409823215219906706e+04
1.412857744134210770e+04
1.415101482210187714e+04
1.417345220286164658e+04
1.419588958362141602e+04
1.421832696438118546e+04
1.424076434514095490e+04
1.426320172590072434e+04
1.428718074447240906e+04
1.431115976304409378e+04
1.433513878161577850e+04
1.435911780018746322e+04
1.438309681875914794e+04
1.440706324556618529e+04
1.443102967237322264e+04
1.445499609918025999e+04
1.447896252598729734e+04
1.450292895279433469e+04
1.452689537960137204e+04
1.455404792729897963e+04
1.458120047499658722e+04
1.460835302269419481e+04
1.463550557039180239e+04
1.466265811808940998e+04
1.468981066578701757e+04
1.472411123450079140e+04
1.475841180321456523e+04
1.479271237192833905e+04
1.482701294064211288e+04
1.486131350935588671e+04
1.489561407806966054e+04
1.493872230061628215e+04
1.498183052316290377e+04
1.502493874570952539e+04
1.506804696825614701e+04
1.511115519080276863e+04
1.515426341334939025e+04
1.518996171491533642e+04
1.522566001648128258e+04
1.526135831804722875e+04
1.529705661961317492e+04
1.533275492117912108e+04
1.536845322274506725e+04
1.540618113787748371e+04
1.544390905300990016e+04
1.547420957686831935e+04
1.550451010072673853e+04
1.553481062458515771e+04
1.556511114844357689e+04
1.559541167230199608e+04
1.562636863656071728e+04
1.565732560081943848e+04
1.568828256507815968e+04
1.571923952933688088e+04
1.575019649359560208e+04
1.578115345785432328e+04
1.581727747376351363e+04
1.585340148967270397e+04
1.588952550558189432e+04
1.592564952149108467e+04
1.596177353740027502e+04
1.599789755330946537e+04
1.603528572622454158e+04
1.607267389913961779e+04
1.611006207205469400e+04
1.614745024496977021e+04
1.618483841788484642e+04
1.622222659079992263e+04
1.625311911088562738e+04
1.628401163097133212e+04
1.631490415105703687e+04
1.634579667114274162e+04
1.637668919122844636e+04
1.640758171131415293e+04
1.644021597693386866e+04
1.647285024255358439e+04
1.649923475003576459e+04
1.652561925751794479e+04
1.655200376500012499e+04
1.657838827248230518e+04
1.660477277996448538e+04
1.663317634240388725e+04
1.666157990484328911e+04
1.668998346728269098e+04
1.671838702972209285e+04
1.674679059216149471e+04
1.677519415460089658e+04
1.681148238840799604e+04
1.684777062221509550e+04
1.688405885602219496e+04
1.692034708982929442e+04
1.695663532363639388e+04
1.699292355744349334e+04
1.703626988638670809e+04
1.707961621532992285e+04
1.712296254427313761e+04
1.716630887321635237e+04
1.720965520215956712e+04
1.725300153110278188e+04
1.729046818539056767e+04
1.732793483967835346e+04
1.736540149396613924e+04
1.740286814825392503e+04
1.744033480254171081e+04
1.747780145682949660e+04
1.751425177391864781e+04
1.755070209100779903e+04
1.758715240809695024e+04
1.762360272518610145e+04
1.766005304227525266e+04
1.769650335936440388e+04
1.773530252006102455e+04
1.777410168075764523e+04
1.781290084145426590e+04
1.785170000215088658e+04
1.789049916284750725e+04
1.792929832354412792e+04
1.798356664670908140e+04
1.803783496987403487e+04
1.808024371458179667e+04
1.812265245928955846e+04
1.816506120399732026e+04
1.820746994870508206e+04
1.824987869341284386e+04
1.829228743812060566e+04
1.832419218448685206e+04
1.835609693085309846e+04
1.838800167721934486e+04
1.841990642358559126e+04
1.845181116995183766e+04
1.848371591631808406e+04
1.851861548335233601e+04
1.855351505038658797e+04
1.858841461742083993e+04
1.862331418445509189e+04
1.865138790966076340e+04
1.867946163486643491e+04
1.870753536007210641e+04
1.873560908527777792e+04
1.876368281048344943e+04
1.879862757954838526e+04
1.883357234861332108e+04
1.886851711767825691e+04
1.890346188674319274e+04
1.893840665580812856e+04
1.897335142487306439e+04
1.902622225108676503e+04
1.907909307730046567e+04
1.913196390351416630e+04
1.917460017439727380e+04
1.921723644528038130e+04
1.925987271616348880e+04
1.930250898704659630e+04
1.934514525792970380e+04
1.938778152881281130e+04
1.942678562853511175e+04
1.946578972825741221e+04
1.950479382797971266e+04
1.954379792770201311e+04
1.958280202742431356e+04
1.962180612714661402e+04
1.966140095738734453e+04
1.970099578762807505e+04
1.974059061786880557e+04
1.978018544810953608e+04
1.981978027835026660e+04
1.985937510859099712e+04
1.990452491824639583e+04
1.994967472790179454e+04
1.999482453755719325e+04
2.003997434721259197e+04
2.008512415686799068e+04
2.013027396652338939e+04
2.017558356222166185e+04
2.022089315791993431e+04
2.026620275361820677e+04
2.031151234931647923e+04
2.035682194501475169e+04
2.040213154071302415e+04
2.044079416690033759e+04
2.047945679308765102e+04
2.051811941927496446e+04
2.055678204546227789e+04
2.059544467164959133e+04
2.063410729783690476e+04
2.067286218065914363e+04
2.071161706348138250e+04
2.075037194630362137e+04
2.078912682912586024e+04
2.082788171194809911e+04
2.086663659477033798e+04
2.091172451146515596e+04
2.095681242815997393e+04
2.100190034485479191e+04
2.104698826154960989e+04
2.109207617824442787e+04
2.113716409493924584e+04
2.118673399190734563e+04
2.123630388887544541e+04
2.128587378584354519e+04
2.133544368281164498e+04
2.138501357977974476e+04
2.143458347674784454e+04
2.147697085013739343e+04
2.151935822352694231e+04
2.156174559691649119e+04
2.160413297030604008e+04
2.164652034369558896e+04
2.168890771708513785e+04
2.173112286182415846e+04
2.177333800656317908e+04
2.181555315130219969e+04
2.185776829604122031e+04
2.189998344078024093e+04
2.194219858551926154e+04
2.199168377398732264e+04
2.204116896245538373e+04
2.209065415092344483e+04
2.214013933939150593e+04
2.218962452785956702e+04
2.223910971632762812e+04
2.228633130153386810e+04
2.233355288674010808e+04
2.238077447194634806e+04
2.242799605715258804e+04
2.247521764235882802e+04
2.252243922756506799e+04
2.256506860239608068e+04
2.260769797722709336e+04
2.265032735205810604e+04
2.269295672688911873e+04
2.273558610172013141e+04
2.277778036173436703e+04
2.281997462174860266e+04
2.286216888176283828e+04
2.290436314177707391e+04
2.294655740179130953e+04
2.298875166180554515e+04
2.303674623760844770e+04
2.308474081341135025e+04
2.313273538921425279e+04
2.318072996501715534e+04
2.322872454082005788e+04
2.327671911662296043e+04
2.332643247503822568e+04
2.337614583345349092e+04
2.342585919186875617e+04
2.347557255028402142e+04
2.352528590869928667e+04
2.357499926711455191e+04
2.362293540489595762e+04
2.367087154267736332e+04
2.371880768045876903e+04
2.376674381824017473e+04
2.380491299908127985e+04
2.384308217992238497e+04
2.388125136076349008e+04
2.391942054160459520e+04
2.395758972244570032e+04
2.399905369677597628e+04
2.404051767110625224e+04
2.408198164543652820e+04
2.412344561976680416e+04
2.416490959409708012e+04
2.420637356842735608e+04
2.427849666969402824e+04
2.433235526270322225e+04
2.438621385571241626e+04
2.444007244872161027e+04
2.449393104173080428e+04
2.454778963473999829e+04
2.460164822774919230e+04
2.464386816729430939e+04
2.468608810683942647e+04
2.472830804638454356e+04
2.477052798592966064e+04
2.481274792547477773e+04
2.485804006398071942e+04
2.490333220248666112e+04
2.494862434099260281e+04
2.499391647949854450e+04
2.503920861800448620e+04
2.508450075651042789e+04
2.513808058213655750e+04
2.519166040776268710e+04
2.524524023338881670e+04
2.529882005901494631e+04
2.535239988464107591e+04
2.540597971026720552e+04
2.545732411172055072e+04
2.550866851317389592e+04
2.556001291462724112e+04
2.561135731608058632e+04
2.566270171753393151e+04
2.571404611898727671e+04
2.577293693305989291e+04
2.581870922732166582e+04
2.586448152158343873e+04
2.591025381584521165e+04
2.595602611010698456e+04
2.600179840436875747e+04
2.604782703598613080e+04
2.609385566760350412e+04
2.613988429922087744e+04
2.618591293083825076e+04
2.623194156245562408e+04
2.627797019407299740e+04
2.635111086963687922e+04
2.640801080377790640e+04
2.646491073791893359e+04
2.652181067205996078e+04
2.657871060620098797e+04
2.663561054034201516e+04
2.669251047448304234e+04
2.674543595180247939e+04
2.679836142912191644e+04
2.685128690644135349e+04
2.690421238376079054e+04
2.694550416181635956e+04
2.698679593987192857e+04
2.702808771792749758e+04
2.706937949598306659e+04
2.711067127403863560e+04
2.716100622373642545e+04
2.721134117343421531e+04
2.726167612313200516e+04
2.731201107282979501e+04
2.736234602252758486e+04
2.741268097222537472e+04
2.747290902083960100e+04
2.753313706945382728e+04
2.759336511806805356e+04
2.765359316668227984e+04
2.771382121529650613e+04
2.777404926391073241e+04
2.783914006879178123e+04
2.788450150188561747e+04
2.792986293497945371e+04
2.797522436807328995e+04
2.802058580116712619e+04
2.806594723426096243e+04
2.811324662924316726e+04
2.816054602422537209e+04
2.820784541920757692e+04
2.825514481418978175e+04
2.830244420917198659e+04
2.834974360415419142e+04
2.843224304641852359e+04
2.849395330693972573e+04
2.855566356746092788e+04
2.861737382798213002e+04
2.867908408850333217e+04
2.874079434902453431e+04
2.880250460954573646e+04
2.886694632353103952e+04
2.891839348034734576e+04
2.896984063716365199e+04
2.902128779397995822e+04
2.907273495079626446e+04
2.912418210761257069e+04
2.917463394525851254e+04
2.922508578290445439e+04
2.927553762055039624e+04
2.932598945819633809e+04
2.937644129584227994e+04
2.942689313348822179e+04
2.951348895159837411e+04
2.956975874085461692e+04
2.962602853011085972e+04
2.968229831936710252e+04
2.973856810862334532e+04
2.979483789787958813e+04
2.985110768713583093e+04
2.992267653489528311e+04
2.997130584157801422e+04
3.001993514826074534e+04
3.006856445494347645e+04
3.011719376162620756e+04
3.016582306830893867e+04
3.021706500163307282e+04
3.026830693495720698e+04
3.031954886828134113e+04
3.037079080160547528e+04
3.042203273492960943e+04
3.047327466825374358e+04
3.054989728945201932e+04
3.061150227723851640e+04
3.067310726502501348e+04
3.073471225281151055e+04
3.079631724059800763e+04
3.085792222838450471e+04
3.091952721617100178e+04
3.098832102208657307e+04
3.104034353494067182e+04
3.109236604779477057e+04
3.114438856064886932e+04
3.119641107350296807e+04
3.124843358635706682e+04
3.130255091068170441e+04
3.135666823500634200e+04
3.141078555933097959e+04
3.146490288365561719e+04
3.151902020798025478e+04
3.157313753230489237e+04
3.164334143231254711e+04
3.171354533232020185e+04
3.178374923232785659e+04
3.184040895567642656e+04
3.189706867902499653e+04
3.195372840237356650e+04
3.201038812572213646e+04
3.206704784907070643e+04
3.212370757241927640e+04
3.218120266655569867e+04
3.223869776069212094e+04
3.229619285482854320e+04
3.235368794896496547e+04
3.241118304310138774e+04
3.246867813723781001e+04
3.255417305634795775e+04
3.263966797545810550e+04
3.270348514385183080e+04
3.276730231224555610e+04
3.283111948063928139e+04
3.289493664903300669e+04
3.295875381742673198e+04
3.302257098582045728e+04
3.308808759799394466e+04
3.315360421016743203e+04
3.320396257939886709e+04
3.325432094863030215e+04
3.330467931786173722e+04
3.335503768709317228e+04
3.340539605632460734e+04
3.346831043898154894e+04
3.353122482163849054e+04
3.359413920429543214e+04
3.365705358695237373e+04
3.371996796960931533e+04
3.378288235226625693e+04
3.384673250049818307e+04
3.391058264873010921e+04
3.397443279696203535e+04
3.403828294519396150e+04
3.410213309342588764e+04
3.416598324165781378e+04
3.422691056719804328e+04
3.428783789273827279e+04
3.434876521827850229e+04
3.440969254381873179e+04
3.447061986935896130e+04
3.453154719489919080e+04
3.462862811399996281e+04
3.470506410862287885e+04
3.478150010324579489e+04
3.485793609786871093e+04
3.493437209249162697e+04
3.499562603071878402e+04
3.505687996894594107e+04
3.511813390717309812e+04
3.517938784540025517e+04
3.524064178362741222e+04
3.530189572185456927e+04
3.535968022181165725e+04
3.541746472176874522e+04
3.547524922172583319e+04
3.553303372168292117e+04
3.559081822164000914e+04
3.564860272159709712e+04
3.572524488059330179e+04
3.580188703958950646e+04
3.587852919858571113e+04
3.595517135758191580e+04
3.603181351657812047e+04
3.610845567557432514e+04
3.617931153297699348e+04
3.625016739037966181e+04
3.630621880924026482e+04
3.636227022810086783e+04
3.641832164696147083e+04
3.647437306582207384e+04
3.653042448468267685e+04
3.660205066344876104e+04
3.667367684221484524e+04
3.674530302098092943e+04
3.681692919974701363e+04
3.688855537851309782e+04
3.696018155727918202e+04
3.702698433767279494e+04
3.709378711806640786e+04
3.716058989846002078e+04
3.722739267885363370e+04
3.729419545924724662e+04
3.736099823964085954e+04
3.742786423191263020e+04
3.749473022418440087e+04
3.756159621645617153e+04
3.762846220872794220e+04
3.769532820099971286e+04
3.776219419327148353e+04
3.784059548675354017e+04
3.791899678023559682e+04
3.799739807371765346e+04
3.807579936719971010e+04
3.815420066068176675e+04
3.823260195416382339e+04
3.830953927728882991e+04
3.836991232367914199e+04
3.843028537006945407e+04
3.849065841645976616e+04
3.855103146285007824e+04
3.861140450924039033e+04
3.868747499659090681e+04
3.876354548394142330e+04
3.883961597129193979e+04
3.891568645864245627e+04
3.899175694599297276e+04
3.906782743334348925e+04
3.913733841668619425e+04
3.920684940002889925e+04
3.927636038337160426e+04
3.934587136671430926e+04
3.941538235005701426e+04
3.948489333339971927e+04
3.955633985666957597e+04
3.962778637993943266e+04
3.969923290320928936e+04
3.977067942647914606e+04
3.984212594974900276e+04
3.991357247301885945e+04
3.998972480063196417e+04
4.006587712824506889e+04
4.014202945585817361e+04
4.021818178347127832e+04
4.029433411108438304e+04
4.037048643869748776e+04
4.043998999665349402e+04
4.050949355460950028e+04
4.057899711256550654e+04
4.064850067052151280e+04
4.071800422847751906e+04
4.078750778643352533e+04
4.089890814062670688e+04
4.098327919804381236e+04
4.106765025546091783e+04
4.115202131287802331e+04
4.123639237029512879e+04
4.132076342771223426e+04
4.140513448512933974e+04
4.146613398400012375e+04
4.152713348287090776e+04
4.158813298174169176e+04
4.164913248061247577e+04
4.171013197948325978e+04
4.178738861544820247e+04
4.186464525141314516e+04
4.194190188737808785e+04
4.201915852334303054e+04
4.209641515930797323e+04
4.217367179527291592e+04
4.224825603795472125e+04
4.232284028063652659e+04
4.239742452331833192e+04
4.247200876600013726e+04
4.254659300868194259e+04
4.262117725136374793e+04
4.269862692481977138e+04
4.277607659827579482e+04
4.285352627173181827e+04
4.293097594518784172e+04
4.300842561864386516e+04
4.308587529209988861e+04
4.316424165457554045e+04
4.324260801705119229e+04
4.332097437952684413e+04
4.339934074200249597e+04
4.347770710447814781e+04
4.355607346695379965e+04
4.363137689705111552e+04
4.370668032714843139e+04
4.378198375724574726e+04
4.385728718734306312e+04
4.393259061744037899e+04
4.400789404753769486e+04
4.409645330848903541e+04
4.418501256944037596e+04
4.427357183039171650e+04
4.436213109134305705e+04
4.445069035229439760e+04
4.453924961324573815e+04
4.461571614778497315e+04
4.469218268232420814e+04
4.476864921686344314e+04
4.484511575140267814e+04
4.492158228594191314e+04
4.502804839146464656e+04
4.513451449698737997e+04
4.521485337167933176e+04
4.529519224637128355e+04
4.537553112106323533e+04
4.545586999575518712e+04
4.553620887044713891e+04
4.561654774513909069e+04
4.568581604960000550e+04
4.575508435406092030e+04
4.582435265852183511e+04
4.589362096298274992e+04
4.596288926744366472e+04
4.603215757190457953e+04
4.613213017046949244e+04
4.623210276903440536e+04
4.631253722617518360e+04
4.639297168331596185e+04
4.647340614045674010e+04
4.655384059759751835e+04
4.663427505473829660e+04
4.671470951187907485e+04
4.678760808596762945e+04
4.686050666005618405e+04
4.693340523414473864e+04
4.700630380823329324e+04
4.707920238232184784e+04
4.715210095641040243e+04
4.724188435348177154e+04
4.733166775055314065e+04
4.742145114762450976e+04
4.751123454469587887e+04
4.760101794176724798e+04
4.769080133883861708e+04
4.777184029919099703e+04
4.785287925954337697e+04
4.793391821989575692e+04
4.801495718024813686e+04
4.809599614060051681e+04
4.817703510095289676e+04
4.827219771074227901e+04
4.836736032053166127e+04
4.846252293032104353e+04
4.855768554011042579e+04
4.865284814989980805e+04
4.874801075968919031e+04
4.883072763291334559e+04
4.891344450613750087e+04
4.899616137936165615e+04
4.907887825258581142e+04
4.916159512580996670e+04
4.924431199903412198e+04
4.933880117112783773e+04
4.943329034322155348e+04
4.952777951531526924e+04
4.962226868740898499e+04
4.971675785950270074e+04
4.981124703159641649e+04
4.989626397913877008e+04
4.998128092668112367e+04
5.006629787422347727e+04
5.015131482176583086e+04
5.023633176930818445e+04
5.032134871685053804e+04
5.041423135245811864e+04
5.050711398806569923e+04
5.059999662367327983e+04
5.069287925928086042e+04
5.078576189488844102e+04
5.087864453049602162e+04
5.096644098956543166e+04
5.105423744863484171e+04
5.114203390770425176e+04
5.122983036677366181e+04
5.131762682584307186e+04
5.140542328491248190e+04
5.149701201608035626e+04
5.158860074724823062e+04
5.168018947841610498e+04
5.177177820958397933e+04
5.186336694075185369e+04
5.195495567191972805e+04
5.204619389627813507e+04
5.213743212063654209e+04
5.222867034499494912e+04
5.231990856935335614e+04
5.241114679371176317e+04
5.250238501807017019e+04
5.259313078876280633e+04
5.268387655945544248e+04
5.277462233014807862e+04
5.286536810084071476e+04
5.295611387153335090e+04
5.304685964222598705e+04
5.314310805004532449e+04
5.323935645786466193e+04
5.333560486568399938e+04
5.343185327350333682e+04
5.352810168132267427e+04
5.362435008914201171e+04
5.371907980165923072e+04
5.381380951417644974e+04
5.390853922669366875e+04
5.400326893921088777e+04
5.409799865172810678e+04
5.419360797869502858e+04
5.428921730566195038e+04
5.438482663262887218e+04
5.448043595959579397e+04
5.457604528656271577e+04
5.467165461352963757e+04
5.477024101428662107e+04
5.486882741504360456e+04
5.496741381580058805e+04
5.506600021655757155e+04
5.516458661731455504e+04
5.526395363402815565e+04
5.536332065074175625e+04
5.546268766745535686e+04
5.556205468416895746e+04
5.566142170088255807e+04
5.576078871759615868e+04
5.587306972431757458e+04
5.598535073103899049e+04
5.607343098594397452e+04
5.616151124084895855e+04
5.624959149575394258e+04
5.633767175065892661e+04
5.642575200556391064e+04
5.654733120848058024e+04
5.666891041139724985e+04
5.676317221535179851e+04
5.685743401930634718e+04
5.695169582326089585e+04
5.704595762721544452e+04
5.714021943116999319e+04
5.723448123512454185e+04
5.732718474204621452e+04
5.741988824896788719e+04
5.751259175588955986e+04
5.760529526281123253e+04
5.769799876973290520e+04
5.779070227665457787e+04
5.790189670485498209e+04
5.801309113305538631e+04
5.812428556125579053e+04
5.821218951586184994e+04
5.830009347046790936e+04
5.838799742507396877e+04
5.847590137968002819e+04
5.856380533428608760e+04
5.867964569752034731e+04
5.879548606075460702e+04
5.891132642398886674e+04
5.902716678722312645e+04
5.914300715045738616e+04
5.925884751369164587e+04
5.936406782623378967e+04
5.946928813877593348e+04
5.957450845131807728e+04
5.967972876386022108e+04
5.978494907640236488e+04
5.989016938894450868e+04
6.000661297241569991e+04
6.012305655588689115e+04
6.023950013935808238e+04
6.032998774905781465e+04
6.042047535875754693e+04
6.051096296845727920e+04
6.060145057815701148e+04
6.069193818785674375e+04
6.080606033719065454e+04
6.092018248652456532e+04
6.103430463585847610e+04
6.114842678519238689e+04
6.126254893452629767e+04
6.137667108386020846e+04
6.149051873458759655e+04
6.160436638531498465e+04
6.171821403604237275e+04
6.183206168676976085e+04
6.194590933749714895e+04
6.205975698822453705e+04
6.218811334349401295e+04
6.229023987377293088e+04
6.239236640405184880e+04
6.249449293433076673e+04
6.259661946460968466e+04
6.269874599488860258e+04
6.281933842723840644e+04
6.293993085958821030e+04
6.306052329193801415e+04
6.318111572428781801e+04
6.330170815663762187e+04
6.342230058898742573e+04
6.353675477057546232e+04
6.365120895216349891e+04
6.376566313375153550e+04
6.388011731533957209e+04
6.399457149692760868e+04
6.410902567851564527e+04
6.424594391108140553e+04
6.435456583553021483e+04
6.446318775997902412e+04
6.457180968442783342e+04
6.468043160887664271e+04
6.478905353332545201e+04
6.490987821068138146e+04
6.503070288803731091e+04
6.515152756539324037e+04
6.527235224274916982e+04
6.539317692010509927e+04
6.551400159746102872e+04
6.563531965616416710e+04
6.575663771486730548e+04
6.587795577357044385e+04
6.599927383227358223e+04
6.612059189097672061e+04
6.624190994967985898e+04
6.639247985305731709e+04
6.650208314441202674e+04
6.661168643576673639e+04
6.672128972712144605e+04
6.683089301847615570e+04
6.694049630983086536e+04
6.706982981192135776e+04
6.719916331401185016e+04
6.732849681610234256e+04
6.745783031819283497e+04
6.758716382028332737e+04
6.771649732237381977e+04
6.786058418837876525e+04
6.800467105438371073e+04
6.814875792038865620e+04
6.826347050791104266e+04
6.837818309543342912e+04
6.849289568295581557e+04
6.860760827047820203e+04
6.872232085800058849e+04
6.883703344552297494e+04
6.901441427266864048e+04
6.914597317987540737e+04
6.927753208708217426e+04
6.940909099428894115e+04
6.954064990149570804e+04
6.967220880870247493e+04
6.980376771590924182e+04
6.994850536026671762e+04
7.009324300462419342e+04
7.023798064898166922e+04
7.038271829333914502e+04
7.052745593769662082e+04
7.067219358205409662e+04
7.079637355926858436e+04
7.092055353648307209e+04
7.104473351369755983e+04
7.116891349091204756e+04
7.129309346812653530e+04
7.141727344534102303e+04
7.158951715621657786e+04
7.171339158634823980e+04
7.183726601647990174e+04
7.196114044661156368e+04
7.208501487674322561e+04
7.220888930687488755e+04
7.234291439230680407e+04
7.247693947773872060e+04
7.261096456317063712e+04
7.274498964860255364e+04
7.287901473403447017e+04
7.301303981946638669e+04
7.318484990997918067e+04
7.332368419729288144e+04
7.346251848460658221e+04
7.360135277192028298e+04
7.374018705923398375e+04
7.387902134654768452e+04
7.401785563386138529e+04
7.421009083418667433e+04
7.435579389698234445e+04
7.450149695977801457e+04
7.464720002257368469e+04
7.479290308536935481e+04
7.493860614816502493e+04
7.508430921096069505e+04
7.530863558184381691e+04
7.545919292037324340e+04
7.560975025890266988e+04
7.576030759743209637e+04
7.591086493596152286e+04
7.606142227449094935e+04
7.621197961302037584e+04
7.638780719673281419e+04
7.652979173435388657e+04
7.667177627197495895e+04
7.681376080959603132e+04
7.695574534721710370e+04
7.709772988483817608e+04
7.723971442245924845e+04
7.741419953002111288e+04
7.758868463758297730e+04
7.772872799871079042e+04
7.786877135983860353e+04
7.800881472096641664e+04
7.814885808209422976e+04
7.828890144322204287e+04
7.842894480434985599e+04
7.858512889184486994e+04
7.874131297933988390e+04
7.889749706683489785e+04
7.905368115432991181e+04
7.920986524182492576e+04
7.936604932931993972e+04
7.952371250273725309e+04
7.968137567615456646e+04
7.983903884957187984e+04
7.999670202298919321e+04
8.015436519640650658e+04
8.031202836982381996e+04
8.051103845128390822e+04
8.065653381830883154e+04
8.080202918533375487e+04
8.094752455235867819e+04
8.109301991938360152e+04
8.123851528640852484e+04
8.138401065343344817e+04
8.158175743623067683e+04
8.177950421902790549e+04
8.197725100182513415e+04
8.217499778462236281e+04
8.237274456741959148e+04
8.251112859396489512e+04
8.264951262051019876e+04
8.278789664705550240e+04
8.292628067360080604e+04
8.306466470014610968e+04
8.320304872669141332e+04
8.332481965482351370e+04
8.344659058295561408e+04
8.356836151108771446e+04
8.369013243921981484e+04
8.381190336735191522e+04
8.393367429548401560e+04
8.403794112411024980e+04
8.414220795273648400e+04
8.424647478136271820e+04
8.435074160998895240e+04
8.445500843861518661e+04
8.455927526724142081e+04
8.464629337193834363e+04
8.473331147663526644e+04
8.482032958133218926e+04
8.490734768602911208e+04
8.499436579072603490e+04
8.508138389542295772e+04
8.515443651762721129e+04
8.522748913983146485e+04
8.530054176203571842e+04
8.537359438423997199e+04
8.544664700644422555e+04
8.551969962864847912e+04
8.558111615971938591e+04
8.564253269079029269e+04
8.570394922186119948e+04
8.576536575293210626e+04
8.582678228400301305e+04
8.588819881507391983e+04
8.593982889585480734e+04
8.599145897663569485e+04
8.604308905741658236e+04
8.609471913819746987e+04
8.614634921897835738e+04
8.619797929975924490e+04
8.624133882286582957e+04
8.628469834597241424e+04
8.632805786907899892e+04
8.637141739218558359e+04
8.641477691529216827e+04
8.645813643839875294e+04
8.649809757748008997e+04
8.653805871656142699e+04
8.657801985564276401e+04
8.661798099472410104e+04
8.665794213380543806e+04
8.669790327288677508e+04
8.672806401483945956e+04
8.675822475679214403e+04
8.678838549874482851e+04
8.681854624069751299e+04
8.684870698265019746e+04
8.687886772460288194e+04
8.690347692334596650e+04
8.692808612208905106e+04
8.695269532083213562e+04
8.697730451957522018e+04
8.700191371831830475e+04
8.702652291706138931e+04
8.704689636098849587e+04
8.706726980491560244e+04
8.708764324884270900e+04
8.710801669276981556e+04
8.712839013669692213e+04
8.714876358062402869e+04
8.716556862693050061e+04
8.718237367323697254e+04
8.719917871954344446e+04
8.721598376584991638e+04
8.723278881215638830e+04
8.724959385846286023e+04
8.726340999238753284e+04
8.727722612631220545e+04
8.729104226023687806e+04
8.730485839416155068e+04
8.731867452808622329e+04
8.733249066201089590e+04
8.734382545614386618e+04
8.735516025027683645e+04
8.736649504440980672e+04
8.737782983854277700e+04
8.738916463267574727e+04
8.740049942680871754e+04
8.740978523040567234e+04
8.741907103400262713e+04
8.742835683759958192e+04
8.743764264119653672e+04
8.744692844479349151e+04
8.745621424839044630e+04
8.746381419432378607e+04
8.747141414025712584e+04
8.747901408619046560e+04
8.748661403212380537e+04
8.749421397805714514e+04
8.750181392399048491e+04
8.750803019919413782e+04
8.751424647439779073e+04
8.752046274960144365e+04
8.752667902480509656e+04
8.753289530000874947e+04
8.753911157521240239e+04
8.754419403078533651e+04
8.754927648635827063e+04
8.755435894193120475e+04
8.755944139750413888e+04
8.756452385307707300e+04
8.756960630865000712e+04
8.757376064458038309e+04
8.757791498051075905e+04
8.758206931644113502e+04
8.758622365237151098e+04
8.759037798830188694e+04
8.759453232423226291e+04
8.759792742945541977e+04
8.760132253467857663e+04
8.760471763990173349e+04
8.760811274512489035e+04
8.761150785034804721e+04
8.761490295557120407e+04
8.761767725544665882e+04
8.762045155532211356e+04
8.762322585519756831e+04
8.762600015507302305e+04
8.762877445494847780e+04
8.763154875482393254e+04
8.763381558110032347e+04
8.763608240737671440e+04
8.763834923365310533e+04
8.764061605992949626e+04
8.764288288620588719e+04
8.764514971248227812e+04
8.764700178647768917e+04
8.764885386047310021e+04
8.765070593446851126e+04
8.765255800846392231e+04
8.765441008245933335e+04
8.765626215645474440e+04
8.765777530222717905e+04
8.765928844799961371e+04
8.766080159377204836e+04
8.766231473954448302e+04
8.766382788531691767e+04
8.766534103108935233e+04
8.766657723572362738e+04
8.766781344035790244e+04
8.766904964499217749e+04
8.767028584962645255e+04
8.767152205426072760e+04
8.767275825889500265e+04
8.767376818706773338e+04
8.767477811524046410e+04
8.767578804341319483e+04
8.767679797158592555e+04
8.767780789975865628e+04
8.767881782793138700e+04
8.767964288406221021e+04
8.768046794019303343e+04
8.768129299632385664e+04
8.768211805245467986e+04
8.768294310858550307e+04
8.768376816471632628e+04
8.768444218209586688e+04
8.768511619947540748e+04
8.768579021685494808e+04
8.768646423423448869e+04
8.768713825161402929e+04
8.768781226899356989e+04
8.768836289224585926e+04
8.768891351549814863e+04
8.768946413875043800e+04
8.769001476200272737e+04
8.769056538525501674e+04
8.769111600850730611e+04
8.769156582437711768e+04
8.769201564024692925e+04
8.769246545611674082e+04
8.769291527198655240e+04
8.769336508785636397e+04
8.769381490372617554e+04
8.769418236575479386e+04
8.769454982778341218e+04
8.769491728981203050e+04
8.769528475184064882e+04
8.769565221386926714e+04
8.769601967589788546e+04
8.769631986032401619e+04
8.769662004475014692e+04
8.769692022917627764e+04
8.769722041360240837e+04
8.769752059802853910e+04
8.769782078245466982e+04
8.769806600607067230e+04
8.769831122968667478e+04
8.769855645330267726e+04
8.769880167691867973e+04
8.769904690053468221e+04
8.769929212415068469e+04
8.769949244915880263e+04
8.769969277416692057e+04
8.769989309917503851e+04
8.770009342418315646e+04
8.770029374919127440e+04
8.770049407419939234e+04
8.770065772081662726e+04
8.770082136743386218e+04
8.770098501405109710e+04
8.770114866066833201e+04
8.770131230728556693e+04
8.770147595390280185e+04
8.770160963748476934e+04
8.770174332106673683e+04
8.770187700464870431e+04
8.770201068823067180e+04
8.770214437181263929e+04
8.770227805539460678e+04
8.770238726189307636e+04
8.770249646839154593e+04
8.770260567489001551e+04
8.770271488138848508e+04
8.770282408788695466e+04
8.770293329438542423e+04
8.770302250537382497e+04
8.770311171636222571e+04
8.770320092735062644e+04
8.770329013833902718e+04
8.770337934932742792e+04
8.770346856031582865e+04
8.770354143685569579e+04
8.770361431339556293e+04
8.770368718993543007e+04
8.770376006647529721e+04
8.770383294301516435e+04
8.770390581955503148e+04
8.770396535241491802e+04
8.770402488527480455e+04
8.770408441813469108e+04
8.770414395099457761e+04
8.770420348385446414e+04
8.770426301671435067e+04
8.770431164910296502e+04
8.770436028149157937e+04
8.770440891388019372e+04
8.770445754626880807e+04
8.770450617865742242e+04
8.770455481104603678e+04
8.770459453881773516e+04
8.770463426658943354e+04
8.770467399436113192e+04
8.770471372213283030e+04
8.770475344990452868e+04
8.770479317767622706e+04
8.770482563125062734e+04
8.770485808482502762e+04
8.770489053839942790e+04
8.770492299197382818e+04
8.770495544554822845e+04
8.770498789912262873e+04
8.770501441039986094e+04
8.770504092167709314e+04
8.770506743295432534e+04
8.770509394423155754e+04
8.770512045550878975e+04
8.770514696678602195e+04
8.770516862381172541e+04
8.770519028083742887e+04
8.770521193786313233e+04
8.770523359488883580e+04
8.770525525191453926e+04
8.770527690894024272e+04
8.770529460052910144e+04
8.770531229211796017e+04
8.770532998370681889e+04
8.770534767529567762e+04
8.770536536688453634e+04
8.770538305847339507e+04
8.770539751068569603e+04
8.770541196289799700e+04
8.770542641511029797e+04
8.770544086732259893e+04
8.770545531953489990e+04
8.770546977174720087e+04
8.770548157773046114e+04
8.770549338371372141e+04
8.770550518969698169e+04
8.770551699568024196e+04
8.770552880166350224e+04
8.770554060764676251e+04
8.770555025192809990e+04
8.770555989620943728e+04
8.770556954049077467e+04
8.770557918477211206e+04
8.770558882905344944e+04
8.770559847333478683e+04
8.770560635173533228e+04
8.770561423013587773e+04
8.770562210853642318e+04
8.770562998693696863e+04
8.770563786533751409e+04
8.770564574373805954e+04
8.770565217958753055e+04
8.770565861543700157e+04
8.770566505128647259e+04
8.770567148713594361e+04
8.770567792298541463e+04
8.770568435883488564e+04
8.770568961624796793e+04
8.770569487366105022e+04
8.770570013107413251e+04
8.770570538848721480e+04
8.770571064590029710e+04
8.770571590331337939e+04
8.770572019807668403e+04
8.770572449283998867e+04
8.770572878760329331e+04
8.770573308236659796e+04
8.770573737712990260e+04
8.770574167189320724e+04
8.770574518028579769e+04
8.770574868867838813e+04
8.770575219707097858e+04
8.770575570546356903e+04
8.770575921385615948e+04
8.770576272224874992e+04
8.770576558824688254e+04
8.770576845424501516e+04
8.770577132024314778e+04
8.770577418624128040e+04
8.770577705223941302e+04
8.770577991823754564e+04
8.770578225946746534e+04
8.770578460069738503e+04
8.770578694192730472e+04
8.770578928315722442e+04
8.770579162438714411e+04
8.770579396561706380e+04
8.770579587816579442e+04
8.770579779071452504e+04
8.770579970326325565e+04
8.770580161581198627e+04
8.770580352836071688e+04
8.770580544090944750e+04
8.770580700325038924e+04
8.770580856559133099e+04
8.770581012793227274e+04
8.770581169027321448e+04
8.770581325261415623e+04
8.770581481495509797e+04
8.770581609123562521e+04
8.770581736751615244e+04
8.770581864379667968e+04
8.770581992007720692e+04
8.770582119635773415e+04
8.770582247263826139e+04
8.770582351522622048e+04
8.770582455781417957e+04
8.770582560040213866e+04
8.770582664299009775e+04
8.770582768557805684e+04
8.770582872816601594e+04
8.770582957984975656e+04
8.770583043153349718e+04
8.770583128321723780e+04
8.770583213490097842e+04
8.770583298658471904e+04
8.770583383826845966e+04
8.770583453401703446e+04
8.770583522976560926e+04
8.770583592551418405e+04
8.770583662126275885e+04
8.770583731701133365e+04
8.770583801275990845e+04
8.770583858110883739e+04
8.770583914945776633e+04
8.770583971780669526e+04
8.770584028615562420e+04
8.770584085450455314e+04
8.770584142285348207e+04
8.770584188713853655e+04
8.770584235142359103e+04
8.770584281570864550e+04
8.770584327999369998e+04
8.770584374427875446e+04
8.770584420856380893e+04
8.770584458782416186e+04
8.770584496708451479e+04
8.770584534634486772e+04
8.770584572560522065e+04
8.770584610486557358e+04
8.770584648412592651e+04
8.770584679395088460e+04
8.770584710377584270e+04
8.770584741360080079e+04
8.770584772342575889e+04
8.770584803325071698e+04
8.770584834307567507e+04
8.770584859617579787e+04
8.770584884927592066e+04
8.770584910237604345e+04
8.770584935547616624e+04
8.770584960857628903e+04
8.770584986167641182e+04
8.770585006842532312e+04
8.770585027517423441e+04
8.770585048192314571e+04
8.770585068867205700e+04
8.770585089542096830e+04
8.770585110216987960e+04
8.770585127106933214e+04
8.770585143996878469e+04
8.770585160886823724e+04
8.770585177776768978e+04
8.770585194666714233e+04
8.770585211556659488e+04
8.770585225353199348e+04
8.770585239149739209e+04
8.770585252946279070e+04
8.770585266742818931e+04
8.770585280539358791e+04
8.770585294335898652e+04
8.770585305606464681e+04
8.770585316877030709e+04
8.770585328147596738e+04
8.770585339418162766e+04
8.770585350688728795e+04
8.770585361959294823e+04
8.770585371166610275e+04
8.770585380373925727e+04
8.770585389581241179e+04
8.770585398788556631e+04
8.770585407995872083e+04
8.770585417203187535e+04
8.770585424725407211e+04
8.770585432247626886e+04
8.770585439769846562e+04
8.770585447292066237e+04
8.770585454814285913e+04
8.770585462336505589e+04
8.770585468480557029e+04
8.770585474624608469e+04
8.770585480768659909e+04
8.770585486912711349e+04
8.770585493056762789e+04
8.770585499200814229e+04
8.770585504220089933e+04
8.770585509239365638e+04
8.770585514258641342e+04
8.770585519277917047e+04
8.770585524297192751e+04
8.770585529316468455e+04
8.770585533415793907e+04
8.770585537515119358e+04
8.770585541614444810e+04
8.770585545713770262e+04
8.770585549813095713e+04
8.770585553912421165e+04
8.770585557260642236e+04
8.770585560608863307e+04
8.770585563957084378e+04
8.770585567305305449e+04
8.770585570653526520e+04
8.770585574001747591e+04
8.770585576737072552e+04
8.770585579472397512e+04
8.770585582207722473e+04
8.770585584943047434e+04
8.770585587678372394e+04
8.770585590413697355e+04
8.770585592649361934e+04
8.770585594885026512e+04
8.770585597120691091e+04
8.770585599356355669e+04
8.770585601592020248e+04
8.770585603827684827e+04
8.770585605652787490e+04
8.770585607477890153e+04
8.770585609302992816e+04
8.770585611128095479e+04
8.770585612953198142e+04
8.770585614778300805e+04
8.770585616270836908e+04
8.770585617763373011e+04
8.770585619255909114e+04
8.770585620748445217e+04
8.770585622240981320e+04
8.770585623733517423e+04
8.770585624953120714e+04
8.770585626172724005e+04
8.770585627392327297e+04
8.770585628611930588e+04
8.770585629831533879e+04
8.770585631051137170e+04
8.770585632046674436e+04
8.770585633042211703e+04
8.770585634037748969e+04
8.770585635033286235e+04
8.770585636028823501e+04
8.770585637024360767e+04
8.770585637837453396e+04
8.770585638650546025e+04
8.770585639463638654e+04
8.770585640276731283e+04
8.770585641089823912e+04
8.770585641902916541e+04
8.770585642567479226e+04
8.770585643232041912e+04
8.770585643896604597e+04
8.770585644561167283e+04
8.770585645225729968e+04
8.770585645890292653e+04
8.770585646433512738e+04
8.770585646976732824e+04
8.770585647519952909e+04
8.770585648063172994e+04
8.770585648606393079e+04
8.770585649149613164e+04
8.770585649592839763e+04
8.770585650036066363e+04
8.770585650479292963e+04
8.770585650922519562e+04
8.770585651365746162e+04
8.770585651808972762e+04
8.770585652171241236e+04
8.770585652533509710e+04
8.770585652895778185e+04
8.770585653258046659e+04
8.770585653620315134e+04
8.770585653982583608e+04
8.770585654278812581e+04
8.770585654575041553e+04
8.770585654871270526e+04
8.770585655167499499e+04
8.770585655463728472e+04
8.770585655759957444e+04
8.770585656001533789e+04
8.770585656243110134e+04
8.770585656484686479e+04
8.770585656726262823e+04
8.770585656967839168e+04
8.770585657209415513e+04
8.770585657405862003e+04
8.770585657602308493e+04
8.770585657798754983e+04
8.770585657995201473e+04
8.770585658191647963e+04
8.770585658388094453e+04
8.770585658549067739e+04
8.770585658710041025e+04
8.770585658871014311e+04
8.770585659031987598e+04
8.770585659192960884e+04
8.770585659353934170e+04
8.770585659485349606e+04
8.770585659616765042e+04
8.770585659748180478e+04
8.770585659879595914e+04
8.770585660011011350e+04
8.770585660142426786e+04
8.770585660250121146e+04
8.770585660357815505e+04
8.770585660465509864e+04
8.770585660573204223e+04
8.770585660680898582e+04
8.770585660788592941e+04
8.770585660877192277e+04
8.770585660965791612e+04
8.770585661054390948e+04
8.770585661142990284e+04
8.770585661231589620e+04
8.770585661320188956e+04
8.770585661391243048e+04
8.770585661462297139e+04
8.770585661533351231e+04
8.770585661604405323e+04
8.770585661675459414e+04
8.770585661746513506e+04
8.770585661805151904e+04
8.770585661863790301e+04
8.770585661922428699e+04
8.770585661981067096e+04
8.770585662039705494e+04
8.770585662098343892e+04
8.770585662145954848e+04
8.770585662193565804e+04
8.770585662241176760e+04
8.770585662288787717e+04
8.770585662336398673e+04
8.770585662384009629e+04
8.770585662422285532e+04
8.770585662460561434e+04
8.770585662498837337e+04
8.770585662537113240e+04
8.770585662575389142e+04
8.770585662613665045e+04
8.770585662645925186e+04
8.770585662678185327e+04
8.770585662710445467e+04
8.770585662742705608e+04
8.770585662774965749e+04
8.770585662807225890e+04
8.770585662833970855e+04
8.770585662860715820e+04
8.770585662887460785e+04
8.770585662914205750e+04
8.770585662940950715e+04
8.770585662967695680e+04
8.770585662988871627e+04
8.770585663010047574e+04
8.770585663031223521e+04
8.770585663052399468e+04
8.770585663073575415e+04
8.770585663094751362e+04
8.770585663112501788e+04
8.770585663130252215e+04
8.770585663148002641e+04
8.770585663165753067e+04
8.770585663183503493e+04
8.770585663201253919e+04
8.770585663215466775e+04
8.770585663229679631e+04
8.770585663243892486e+04
8.770585663258105342e+04
8.770585663272318197e+04
8.770585663286531053e+04
8.770585663297621068e+04
8.770585663308711082e+04
8.770585663319801097e+04
8.770585663330891111e+04
8.770585663341981126e+04
8.770585663353071141e+04
8.770585663361934712e+04
8.770585663370798284e+04
8.770585663379661855e+04
8.770585663388525427e+04
8.770585663397388998e+04
8.770585663406252570e+04
8.770585663416409807e+04
8.770585663423077494e+04
8.770585663429745182e+04
8.770585663436412869e+04
8.770585663443080557e+04
8.770585663449748245e+04
8.770585663456415932e+04
8.770585663458121417e+04
8.770585663459294301e+04
8.770585663460467185e+04
8.770585663461640070e+04
8.770585663462812954e+04
8.770585663463985838e+04
8.770585663465158723e+04
8.770585663466448023e+04
8.770585663467737322e+04
8.770585663469026622e+04
8.770585663470315922e+04
8.770585663471605221e+04
8.770585663473233581e+04
8.770585663474861940e+04
8.770585663476490299e+04
8.770585663478118659e+04
8.770585663482184464e+04
8.770585663486250269e+04
8.770585663488924911e+04
8.770585663491599553e+04
8.770585663494274195e+04
8.770585663496948837e+04
8.770585663499678776e+04
8.770585663502408715e+04
8.770585663505138655e+04
8.770585663507868594e+04
8.770585663510598533e+04
8.770585663513933832e+04
8.770585663517269131e+04
8.770585663520604430e+04
8.770585663523939729e+04
8.770585663527275028e+04
8.770585663529683370e+04
8.770585663532091712e+04
8.770585663534500054e+04
8.770585663536908396e+04
8.770585663539316738e+04
8.770585663541725080e+04
8.770585663543993724e+04
8.770585663546262367e+04
8.770585663548531011e+04
8.770585663550799654e+04
8.770585663553068298e+04
8.770585663555336941e+04
8.770585663557623047e+04
8.770585663559909153e+04
8.770585663562195259e+04
8.770585663564481365e+04
8.770585663566767471e+04
8.770585663569200551e+04
8.770585663570900215e+04
8.770585663572599879e+04
8.770585663574299542e+04
8.770585663575999206e+04
8.770585663577698870e+04
8.770585663579398533e+04
8.770585663580843539e+04
8.770585663582288544e+04
8.770585663583733549e+04
8.770585663585178554e+04
8.770585663586623559e+04
8.770585663588068564e+04
8.770585663589675096e+04
8.770585663590717013e+04
8.770585663591342745e+04
8.770585663591968478e+04
8.770585663592594210e+04
8.770585663593219942e+04
8.770585663593845675e+04
8.770585663594708603e+04
8.770585663595571532e+04
8.770585663596434460e+04
8.770585663597297389e+04
8.770585663598577958e+04
8.770585663599446707e+04
8.770585663600315456e+04
8.770585663601184206e+04
8.770585663602052955e+04
8.770585663602921704e+04
8.770585663603521243e+04
8.770585663603660942e+04
8.770585663603800640e+04
8.770585663603940338e+04
8.770585663604080037e+04
8.770585663604219735e+04
8.770585663604359434e+04
8.770585663604567526e+04
8.770585663604615547e+04
8.770585663604643196e+04
8.770585663604670845e+04
8.770585663604698493e+04
8.770585663604726142e+04
8.770585663604753790e+04
8.770585663604782894e+04
8.770585663604811998e+04
8.770585663604841102e+04
8.770585663604870206e+04
